Date,Open,High,Low,Close,Volume
2006-11-14,57.9,68.8,57.9,63.98,4720
2006-11-15,63,63,62.99,62.99,310
2006-11-16,62.75,62.75,60.03,60.03,90
2006-11-17,60.04,62.74,60.04,62.74,30
2006-11-20,62.74,62.74,60.07,60.07,60
2006-11-23,62,62,62,62,30
2006-11-24,61,61.12,60.1,60.1,5050
2006-11-27,60.07,62,60.03,62,300
2006-11-29,62,62,62,62,30
2006-11-30,62,62,62,62,10
2006-12-1,60.1,60.1,50,55.13,8310
2006-12-4,55.05,57.6,55,55,1290
2006-12-5,54,55.5,51.2,51.2,1240
2006-12-6,55.18,55.18,51,51,4600
2006-12-7,50.31,52.38,50.31,51,1180
2006-12-8,52.3,52.49,51.65,51.65,280
2006-12-11,52.48,52.5,51.25,51.25,2170
2006-12-12,51.7,51.7,51,51.3,170
2006-12-13,51.8,51.8,50.26,50.26,340
2006-12-14,50.31,51.8,50.3,51.8,1000
2006-12-15,52,52,50.5,51.78,170
2006-12-18,51.78,51.78,50.25,51.2,1990
2006-12-19,50.8,51.45,50,50,1590
2006-12-20,51.28,51.5,51.28,51.5,1950
2006-12-21,50.48,50.48,49.5,50,5470
2006-12-22,50,50.4,49.72,49.72,130
2006-12-25,50.39,50.95,48.5,50,270
2006-12-26,49,49.4,47.01,49,420
2006-12-27,49.98,55,49.98,52,10980
2006-12-28,50.6,52.89,47.1,50.15,5230
2006-12-29,50,50.3,50,50.3,2240
2007-1-9,50,50,48,48,150
2007-1-10,48.5,48.8,48.2,48.2,570
2007-1-11,47.59,47.59,47.58,47.58,60
2007-1-12,47.9,48.6,47.51,48.6,460
2007-1-15,48.97,49.4,48.1,48.7,160
2007-1-16,49.5,50.21,48.01,50,740
2007-1-17,49.1,52.7,49.05,50.2,1660
2007-1-18,52.5,52.5,50.2,51.4,530
2007-1-19,51.5,52.5,50.82,51.4,1640
2007-1-22,51.99,52,51.5,51.5,520
2007-1-23,51.5,52.9,51.5,52.3,1000
2007-1-24,52.3,52.3,52,52.2,710
2007-1-25,52.2,52.2,52,52,450
2007-1-26,52,52,51.5,51.6,110
2007-1-29,51.75,52.3,51.75,52.3,850
2007-1-30,51.51,51.51,51.5,51.5,100
2007-1-31,52.3,52.3,51.7,51.7,150
2007-2-1,52.1,52.2,51.8,51.8,450
2007-2-2,50.55,51.4,50.5,51.03,4150
2007-2-5,51.03,51.3,51,51,40
2007-2-6,51.5,52.3,51,52.3,1510
2007-2-7,52.4,53.99,50.5,52.7,57110
2007-2-8,52.78,52.78,51,52.5,1570
2007-2-9,50.8,55.99,50.8,55,28960
2007-2-12,53,55.5,53,54.89,4510
2007-2-13,53,58,53,57,2990
2007-2-14,58,61.95,58,59.5,20480
2007-2-15,59.99,61.2,58.5,61,22870
2007-2-16,61.4,63,59.21,61,8080
2007-2-19,61,61,59.78,60.79,2090
2007-2-20,61,61,56.3,57.5,7820
2007-2-21,57.5,58.5,57,58.1,10260
2007-2-22,57.32,58.71,56.1,58.32,5890
2007-2-26,58.71,59.97,57.51,58.8,5730
2007-2-27,58.73,58.73,57.5,58.5,6280
2007-2-28,54,57.6,54,56.9,2530
2007-3-1,57.9,57.9,56.1,57,4130
2007-3-2,56.55,57.39,55,57.39,3780
2007-3-5,50.02,55.85,50.01,53.59,15820
2007-3-6,54.46,58.8,54.05,55,14450
2007-3-7,55.5,57,53.23,54,15410
2007-3-9,56.31,56.4,53.5,54.1,3410
2007-3-12,53.52,54.49,53.5,54,3430
2007-3-13,54.55,55,54,54.1,1470
2007-3-14,53.1,53.5,51.02,53.5,5030
2007-3-15,52.05,54.3,52.05,52.98,1860
2007-3-16,53.06,54.39,53.06,54.25,2490
2007-3-19,54.3,55,53.71,55,6190
2007-3-20,55.6,57,55,56.99,7100
2007-3-21,57,57.2,56.02,57,4600
2007-3-22,58.5,58.98,57,58.4,12950
2007-3-23,58.45,58.45,57.6,57.7,4240
2007-3-26,57,59,57,58.51,6800
2007-3-27,58.51,58.51,58,58,930
2007-3-28,57.51,58.88,57.5,58.14,1860
2007-3-29,57.55,59.15,57.55,58.5,5210
2007-3-30,58.8,58.8,58,58.3,7440
2007-4-2,55.72,58.88,55.71,58.88,2000
2007-4-3,58.3,59.21,58.3,59.03,11570
2007-4-4,59.1,60.89,58.76,60.89,60450
2007-4-5,61,63,59,61,15870
2007-4-6,60,60.4,59.5,60.31,6000
2007-4-9,60.98,60.98,59.56,60.95,1140
2007-4-10,60.94,61,60.8,61,390
2007-4-11,62,62.95,62,62.9,1540
2007-4-12,62,62.47,61,62.47,1390
2007-4-13,63,63,61.8,62,2250
2007-4-16,63,63.49,62.95,63.49,37150
2007-4-17,62.05,63,61.02,62.1,18890
2007-4-18,62.1,63,62.1,62.6,7240
2007-4-19,62.34,62.34,62.1,62.3,20000
2007-4-20,64,65,62.6,62.9,1940
2007-4-23,62.9,64,62.9,62.9,20220
2007-4-24,63.74,63.98,62.5,63.9,6250
2007-4-25,62.5,64,62.5,63.4,80
2007-4-26,63.5,64.8,62.5,62.7,11330
2007-4-27,62.4,63.5,61,61.5,3980
2007-4-28,62,62.4,61.5,61.5,1880
2007-5-2,61.99,62,61.1,61.8,1150
2007-5-3,61.95,62.49,61.8,61.8,3000
2007-5-4,62,62.33,62,62.3,8920
2007-5-7,62.01,62.5,62,62,640
2007-5-8,62.45,62.45,62,62.2,1020
2007-5-10,61.57,62,61.57,61.57,250
2007-5-11,62,63.5,59.65,60,18980
2007-5-14,60,61.9,59.88,60,200
2007-5-15,57.63,60,57.63,58.5,5150
2007-5-16,59.4,60,58.45,59.8,1660
2007-5-17,61.89,61.9,57.3,57.69,21270
2007-5-18,57,57.02,56.56,56.99,750
2007-5-21,57,58.78,57,58.77,840
2007-5-22,58.97,58.97,57.2,58.82,2010
2007-5-23,58.9,58.9,57.75,57.75,870
2007-5-24,56.01,57.99,56.01,57.99,20
2007-5-25,57.5,58.5,57,58,6770
2007-5-28,58.25,59.95,58.25,58.6,14320
2007-5-29,58.3,58.3,58,58,4000
2007-5-30,59.99,61.92,56,56.61,1820
2007-5-31,57.95,59.5,57.75,59.5,9750
2007-6-1,59.04,59.9,56.01,56.6,3170
2007-6-4,57.89,57.89,56.55,56.7,60
2007-6-5,56.66,58,56.66,58,3640
2007-6-6,57.8,58,56.19,57.8,970
2007-6-7,57,57.5,56.18,56.18,9520
2007-6-8,56.8,58.9,56.8,57,13830
2007-6-9,57.5,57.5,57.48,57.5,1710
2007-6-13,56.02,60,56.02,59.5,6170
2007-6-14,59.5,62,59,62,9640
2007-6-15,61,64.8,60,64,5590
2007-6-18,65,69.9,65,67.63,12890
2007-6-19,67,74.99,66.56,68,3270
2007-6-20,68,69,67.12,68.67,4030
2007-6-21,68.69,68.99,67.13,67.5,940
2007-6-22,68.95,68.95,63,66.2,860
2007-6-25,63.1,68.77,63.1,68,1090
2007-6-26,67.07,67.64,64,67.64,1250
2007-6-27,67.76,67.76,67,67,4720
2007-6-28,67.7,68.75,67,67.6,7790
2007-6-29,70.24,70.24,65.5,67,820
2007-7-2,66.25,67.5,66,67,4220
2007-7-3,67,68.56,66.2,68.5,8310
2007-7-4,68.01,69.8,67.27,69.5,1090
2007-7-5,70,72,70,70.6,10080
2007-7-6,69,71.5,67.2,71.45,6280
2007-7-9,71.19,72.5,71.19,72,2920
2007-7-10,73.87,74.7,70.54,71.3,320
2007-7-11,71.01,72,71,72,5110
2007-7-12,71.02,75,71,74.4,6070
2007-7-13,73.2,73.2,72.12,72.55,11380
2007-7-16,74,74,72.55,73,1110
2007-7-17,73,74.5,73,74.02,2280
2007-7-18,74.44,77,73.7,75,8290
2007-7-19,76.99,78.55,76,78.29,3870
2007-7-20,79,79.5,77.3,78.6,3340
2007-7-23,76.6,80,76.53,79,6910
2007-7-24,80,80.99,78.5,80,8530
2007-7-25,76.71,79.88,76.71,78.57,6480
2007-7-26,79.3,79.3,77.5,77.76,4150
2007-7-27,75.6,77.9,75.6,76.7,300
2007-7-30,78.99,78.99,76,76.01,5050
2007-7-31,75.5,77.25,74.3,77,14240
2007-8-1,77.49,77.49,74.5,74.9,1620
2007-8-2,75.64,77.89,73.7,77.04,2730
2007-8-3,75.7,76.99,75.7,76,1030
2007-8-6,75.5,75.5,73.01,73.01,1040
2007-8-7,75,75.5,73.5,74.09,3760
2007-8-8,74,74.61,73.01,74.61,620
2007-8-9,72.6,74.45,72.6,73.91,690
2007-8-10,71.55,74.49,68,69.51,1850
2007-8-13,74.94,74.99,72,73.68,450
2007-8-14,73.59,73.68,70.61,72.99,300
2007-8-15,72.99,72.99,70.5,70.52,170
2007-8-16,70.4,70.4,68.55,69.79,2570
2007-8-17,68.07,72.97,68.07,72.97,1120
2007-8-20,71.02,71.95,69.55,69.55,3980
2007-8-21,69,69.3,66,67.48,20090
2007-8-22,68.2,69.45,67.7,69.43,930
2007-8-23,69.85,70.38,68,69.49,1420
2007-8-24,70.83,70.83,68,69.48,1160
2007-8-27,68.71,70.97,68.5,70,4160
2007-8-28,70.02,72,70,71.51,2030
2007-8-29,70.86,73.5,70,71.88,18420
2007-8-30,71.2,72.68,71,71.94,3060
2007-8-31,72.5,75.6,72.5,75.6,10910
2007-9-3,75,76.3,75,76.25,2940
2007-9-4,76.4,78.99,74.55,77.5,7430
2007-9-5,79,79,78,78.39,630
2007-9-6,79,79,76.52,78.21,4330
2007-9-7,78.15,79.79,78.14,78.15,1710
2007-9-10,76.25,77.02,75,76.8,4660
2007-9-11,76,76.96,75.02,76,1830
2007-9-12,75.16,78.29,74.03,74.6,2560
2007-9-13,75.87,80.8,74,79,9190
2007-9-14,79,79,77.61,78,1020
2007-9-17,77.2,81,76.6,80.3,13540
2007-9-18,80.32,81.42,79,81,13360
2007-9-19,80.53,95,80.53,93.99,39590
2007-9-20,93.95,96,89.29,95.99,10660
2007-9-21,92,98.89,90.01,97.49,21120
2007-9-24,95.13,105.55,95.13,100.2,27210
2007-9-25,100.2,101,96.5,98.13,5620
2007-9-26,98,99.8,96.01,97.87,8310
2007-9-27,98.3,98.3,95.1,95.1,1950
2007-9-28,93,96.96,91.21,96.6,2390
2007-10-1,95,98.9,95,95,11390
2007-10-2,97.49,98,93.95,94.55,32930
2007-10-3,95.51,97.9,95.05,95.5,12000
2007-10-4,97.3,97.3,96,96.7,540
2007-10-5,97.8,98.35,97,97.75,2140
2007-10-8,97.01,98.94,96.32,98,1310
2007-10-9,96.4,98,96.3,97.7,5150
2007-10-10,98.5,104.95,98,103.9,8390
2007-10-11,104.95,117.69,102.5,114.5,7490
2007-10-12,114.5,126,112.88,114.51,33620
2007-10-15,116.26,118,114.4,115,6810
2007-10-16,114.76,121.14,111.5,112.61,17190
2007-10-17,111,114,101.35,110.99,21280
2007-10-18,112.5,112.5,106.85,108,1580
2007-10-19,107.88,113,107.88,111.48,2980
2007-10-22,109.5,111,104.09,104.51,6490
2007-10-23,107.85,107.89,104.11,105.84,2210
2007-10-24,104.51,106.85,104.47,106.25,590
2007-10-25,106,110.11,106,109.2,9760
2007-10-26,110.22,114.12,110.22,113,26720
2007-10-29,115.5,115.5,112.55,112.82,6580
2007-10-30,112.01,116.1,112.01,116.09,8520
2007-10-31,117,126,117,122.66,17560
2007-11-1,119.75,129,119,124.95,22340
2007-11-2,122,130,121.1,125.26,11860
2007-11-6,129,129,125.03,126.49,3940
2007-11-7,127.2,127.2,122.11,124.5,22740
2007-11-8,124.48,130,123.01,125,10880
2007-11-9,125,125.49,124.14,124.14,2940
2007-11-12,124.16,124.9,122,123.89,5360
2007-11-13,122.18,124.34,118,119.5,5210
2007-11-14,122.09,122.99,121.01,122.9,2730
2007-11-15,121.5,121.79,120.3,120.6,2510
2007-11-16,121.99,122,116.5,117.9,4730
2007-11-19,118.9,118.9,117,117,2230
2007-11-20,119,119,117,117.85,1510
2007-11-21,117.3,118,115,115.49,5580
2007-11-22,115.5,115.8,113,115.8,11240
2007-11-23,117.5,119.43,115,117.4,7860
2007-11-26,118,124,118,124,5430
2007-11-27,122.5,123.89,121.5,123,620
2007-11-28,120.15,122.97,117.1,121.3,2080
2007-11-29,121,125.95,121,125.95,4070
2007-11-30,126.9,127.5,124.63,127.5,6850
2007-12-3,127.5,127.5,125.5,126,1020
2007-12-4,125.5,126.9,124,126,1720
2007-12-5,125.02,128.86,122.01,128,6210
2007-12-6,127.08,130.9,127.02,130.19,6420
2007-12-7,130,130,128,128.99,1330
2007-12-10,128.9,134,127.5,133.6,4020
2007-12-11,134.5,138.98,134.5,137.99,11640
2007-12-12,137.45,139.88,133,138.58,2880
2007-12-13,136.1,142,133.31,140.9,3590
2007-12-14,144.88,144.98,137,138.48,1880
2007-12-17,136.87,143.49,135,142.5,3630
2007-12-18,142.49,148.9,141.06,145.12,6470
2007-12-19,147.9,147.99,143,145.97,2260
2007-12-20,144.05,148.99,144,147.3,5870
2007-12-21,149.99,152,147.41,151.99,4720
2007-12-24,154,165,152.5,162,8210
2007-12-25,165,165,156.95,158.11,4510
2007-12-26,157.21,165,157.15,158,13810
2007-12-27,158,163,156,158.7,6070
2007-12-28,157,161.9,157,158,8350
2008-1-9,157,163,155,159.5,3010
2008-1-10,160,165,159.3,161,26450
2008-1-11,160.5,161.8,157.71,158.5,5430
2008-1-14,157.94,159.92,155.3,157.3,6340
2008-1-15,156.04,163.99,156.03,160,36930
2008-1-16,160,161.7,154.22,156.5,6360
2008-1-17,159.59,161.5,155.1,158,11420
2008-1-18,157.97,160,153,155,6300
2008-1-21,155,155.99,144,151.13,11960
2008-1-22,145,146,130,143,22350
2008-1-23,146,149.99,130,134,9180
2008-1-24,136.43,147,133.93,145,40470
2008-1-25,149,149,142.5,145.16,5370
2008-1-28,139.8,144,139.79,143.35,8600
2008-1-29,145.35,149.01,143.54,146.99,3550
2008-1-30,143.63,151,141.01,148.01,10410
2008-1-31,148.86,159.9,148.86,158.99,15510
2008-2-1,160,175,157.05,172.9,102400
2008-2-4,178,180,173,174.7,21610
2008-2-5,175,179,165.05,170.19,19220
2008-2-6,161.01,170,161,167.01,27800
2008-2-7,169.91,170,163.05,166.55,13290
2008-2-8,167,177,167,171.49,12340
2008-2-11,170.6,178,170.6,177,16620
2008-2-12,179.95,192,177.8,185,39850
2008-2-13,185.9,188,182.27,184.5,17910
2008-2-14,188,188,181.8,183.75,15260
2008-2-15,183,184.3,180.03,183,5760
2008-2-18,184.3,184.3,182.99,184,5630
2008-2-19,184,184,181.7,182.6,6570
2008-2-20,183,184.79,182,183.95,10110
2008-2-21,188.89,188.89,181.12,182,17770
2008-2-22,181.01,181.96,180.17,180.9,5850
2008-2-26,183.5,187,182,182.72,22530
2008-2-27,185.99,187,180.12,180.5,48890
2008-2-28,180,181.89,175.11,179.99,12310
2008-2-29,179.99,180.99,175.51,177.48,22580
2008-3-3,173.41,179,173.2,179,16920
2008-3-4,180.9,181.5,177.25,178.5,6680
2008-3-5,179,183,177.58,180,15180
2008-3-6,180,181.99,179,179.15,21500
2008-3-7,178.79,179.1,174.1,175.7,3870
2008-3-11,175.49,178.96,175.49,177.21,7460
2008-3-12,177.21,178.47,174.01,176.32,4920
2008-3-13,176,176,174,176,6030
2008-3-14,176,176.95,174.1,174.1,3760
2008-3-17,171,171.5,158.01,159,23910
2008-3-18,164,165,156.99,157.25,9680
2008-3-19,164,165.4,155.67,160.5,19990
2008-3-20,156.23,162.45,156.23,160.99,8970
2008-3-21,162,162,161,161.5,2960
2008-3-24,161.9,165.68,157.6,160,2630
2008-3-25,161,161.98,158.02,160,5180
2008-3-26,159.31,159.48,152.46,158.5,2370
2008-3-27,157.1,158.45,153.8,156,6660
2008-3-28,156.01,157.8,155,156.95,5330
2008-3-31,156.95,157.17,153.07,154.92,1380
2008-4-1,157,157,153.51,154.6,1240
2008-4-2,159.95,160.06,155.15,156,6150
2008-4-3,155.31,158,154,156.2,2210
2008-4-4,157.76,157.8,154.7,155.53,2070
2008-4-7,159.87,171.29,157.7,169,19570
2008-4-8,171,173,165.6,172,30940
2008-4-9,172,184.69,172,183.5,40520
2008-4-10,184,185,178.51,181,32040
2008-4-11,179.51,183,179.5,181.57,14390
2008-4-14,180,182.94,175.5,182.4,13450
2008-4-15,182.45,197,182.4,195.5,45620
2008-4-16,195.61,198,191.01,196.2,30030
2008-4-17,196.5,201.7,196.36,200,68180
2008-4-18,200,214.99,199.12,213.6,108500
2008-4-21,214.06,225.99,211,214.8,64100
2008-4-22,215,215.44,205,209.3,30590
2008-4-23,210,215,205.59,209.49,17330
2008-4-24,210.1,213.6,206,211.22,19120
2008-4-25,211.3,211.6,208,208.2,14670
2008-4-28,207.01,211.6,205.9,207.8,5100
2008-4-29,206.01,208.39,201.25,206,5850
2008-4-30,206.5,206.5,192.12,202.99,9130
2008-5-4,203.17,207.96,203,207.6,2090
2008-5-5,208.8,208.8,201.01,206,2860
2008-5-6,205.03,215,205.01,212,15060
2008-5-7,211.96,223,211,222.07,19910
2008-5-8,220.5,225,218,221.3,16200
2008-5-12,220.11,222,214,220.17,13930
2008-5-13,220.97,224.5,218,222,21200
2008-5-14,222,238.4,219.1,237,23050
2008-5-15,237,245,234.7,241.45,29880
2008-5-16,239,248.5,239,247,14370
2008-5-19,246,253.85,236,240,35520
2008-5-20,240,243.5,232,239.4,17230
2008-5-21,234.02,240.6,234,239,9250
2008-5-22,239.9,239.9,232,234.89,11910
2008-5-23,235,235.5,219.5,221.8,31340
2008-5-26,222.07,226.9,219.88,225.01,19180
2008-5-27,225.01,226,218,219,9680
2008-5-28,221,232,219.57,229.8,26210
2008-5-29,232.8,235,230,234.8,20170
2008-5-30,234.81,234.81,229,231.4,3490
2008-6-2,228,234.8,226,233.5,5710
2008-6-3,232.03,238,230.26,236.15,15330
2008-6-4,236.5,236.5,228,229.37,17930
2008-6-5,229,233.5,229,230,18980
2008-6-6,233,235.5,230.85,233.95,8290
2008-6-7,232,232,226.02,229,5980
2008-6-9,229,229,225.01,226.65,3190
2008-6-10,226.79,226.79,220.01,222.74,16200
2008-6-11,224,228.7,224,228,20020
2008-6-16,233.3,233.3,227,227.89,10530
2008-6-17,227.17,227.32,221,223.41,18310
2008-6-18,223.4,227,222.4,222.55,12220
2008-6-19,222,225.9,220,222.7,21980
2008-6-20,221.04,225,221,223.39,10570
2008-6-23,222.49,222.49,219.05,219.5,6670
2008-6-24,219.5,221.5,216,216,7760
2008-6-25,217.99,225.62,216.71,222.85,20910
2008-6-26,223.02,223.02,220.05,221.51,11160
2008-6-27,218.01,221.78,214.01,220,42940
2008-6-30,220.1,222,218.57,222,24200
2008-7-1,220,221.5,218.02,218.02,13100
2008-7-2,218.01,223.3,218.01,219,9130
2008-7-3,215,215,205,210.1,134550
2008-7-4,210.55,213.7,202.5,205.2,7030
2008-7-7,205.01,211.79,205.01,210.45,2340
2008-7-8,202.3,210.3,202.3,207.01,4640
2008-7-9,207.61,211.2,203,205.99,22710
2008-7-10,206.49,206.9,202.11,203.5,10110
2008-7-11,203.5,205.17,200.51,204.87,23820
2008-7-14,205,209.8,204.2,209,33640
2008-7-15,210,210,205.5,205.82,14890
2008-7-16,205.06,208.4,204,208.4,8930
2008-7-17,207.3,211.74,206.51,208,15170
2008-7-18,208.98,208.99,200,202.49,13880
2008-7-21,204.24,204.24,196.07,199.6,7400
2008-7-22,200,205,196.55,197.49,10300
2008-7-23,202,202,197.36,198.7,11260
2008-7-24,198.7,199,185.33,190,24510
2008-7-25,190,190,160,169.01,77250
2008-7-28,169.14,173.96,163.65,163.65,23870
2008-7-29,162,167.99,155,158.1,14150
2008-7-30,164.58,164.58,145.2,159.2,68460
2008-7-31,158.89,167,158.89,163.06,34830
2008-8-1,163,168.8,162.41,163,6910
2008-8-4,162.8,163,152.07,156.5,10380
2008-8-5,154.35,154.35,142.2,145,23020
2008-8-6,148,180.39,135,145.1,40370
2008-8-7,150,153.99,147.32,150.99,22670
2008-8-8,151.1,154.89,149.2,150.98,5280
2008-8-11,150.6,150.6,138.2,148.99,11870
2008-8-12,151,154,144.1,151,31980
2008-8-13,150,159,149,152,9900
2008-8-14,158.5,162.95,156.94,161.98,18820
2008-8-15,164.29,164.45,156.3,159,18880
2008-8-18,164,164,150,152.35,12300
2008-8-19,148,149,141,146,27290
2008-8-20,148.79,148.9,141.56,143,7410
2008-8-21,145.2,145.2,140,141.38,11670
2008-8-22,139,141.95,136,139,34620
2008-8-25,136.3,141.33,136.3,137.57,4040
2008-8-26,135.2,138.72,125,127.37,37490
2008-8-27,126.06,130.99,125.1,127.45,6210
2008-8-28,127.9,141.8,127.9,136.1,48410
2008-8-29,136.45,142.01,136,141.5,16710
2008-9-1,144.5,152,144.5,151.5,11190
2008-9-2,158.89,158.89,150.01,157,21480
2008-9-3,158.75,158.75,145.15,145.62,13880
2008-9-4,140.62,150.8,140.6,142.5,18460
2008-9-5,140,140,127,132,29350
2008-9-8,137.01,140.01,134.6,137.05,20560
2008-9-9,136.01,136.01,129.99,133.84,10710
2008-9-10,128.07,134.98,121.3,131.71,10170
2008-9-11,131.3,138.5,131.25,132,10140
2008-9-12,133.11,149.77,133.11,149,5260
2008-9-15,147.1,148,138.07,144,10740
2008-9-16,138.1,141,122.11,124.28,82480
2008-9-17,130,134,102,110.01,2740
2008-9-19,126,137.19,126,135.01,18820
2008-9-22,144.9,144.9,137.31,138,22380
2008-9-23,138.03,145,138,140,16890
2008-9-24,140.5,142.5,136,136,39640
2008-9-25,139,139.8,128,131.5,23030
2008-9-26,131.13,134.9,123.75,125,6230
2008-9-29,125,126,115.61,117.67,6770
2008-9-30,112.36,113.48,102,106.9,32370
2008-10-1,111,115.4,107.71,110,18450
2008-10-2,107.2,107.5,98.51,100.5,17220
2008-10-3,98.63,99.2,92.3,97.43,9480
2008-10-6,95.5,95.5,72.4,75,42670
2008-10-7,77,84.9,68.61,70.54,19770
2008-10-8,67.5,67.5,57.01,58.04,1480
2008-10-9,69.99,70,59.97,60.4,41120
2008-10-13,56,70.01,55,57.99,22670
2008-10-14,61.5,68.7,57.99,59.6,35110
2008-10-15,60.4,61,57,57,13800
2008-10-16,55,55.6,48.2,49.05,10980
2008-10-17,50.1,50.5,41.42,49.48,48490
2008-10-20,51,51.9,39.99,41.65,12000
2008-10-21,42,48.8,42,46.6,55810
2008-10-22,44.9,46.47,43.3,44.21,46030
2008-10-23,41.5,45,41.5,43.55,3860
2008-10-24,42.01,43.09,35.55,37,17060
2008-10-28,36.1,40.01,33.3,39.42,36080
2008-10-29,39.34,43.08,39.34,43.07,6270
2008-10-30,44,54,42.09,52.05,28710
2008-10-31,50.49,59.99,46,57.01,18460
2008-11-1,57.01,64.5,57.01,63,5410
2008-11-5,65,69.84,59.6,64,25480
2008-11-6,60.12,60.12,53,54.74,11520
2008-11-7,52.2,55,50.01,54.9,5520
2008-11-10,57.9,59,56.89,56.89,12960
2008-11-11,55.02,55.02,49.99,51.99,5660
2008-11-13,47.9,50,40,46.89,8350
2008-11-14,50.81,50.81,42,45,11830
2008-11-17,43.99,44.75,39.01,40,9040
2008-11-18,39.17,40.55,35.52,39,13690
2008-11-19,37.34,40,31.51,32.7,21870
2008-11-20,32.44,32.44,26,26.26,6630
2008-11-24,26.98,33,26.32,32,12620
2008-11-25,37.3,38,29.17,29.17,24320
2008-11-26,28.99,30.89,26.23,26.94,14900
2008-11-27,27.97,28.5,27,27.9,44840
2008-11-28,28.83,32.5,25,27.79,57890
2008-12-1,28,28.4,25.51,25.61,10480
2008-12-2,25.01,28.2,24.07,28.05,22310
2008-12-3,29.45,29.45,26.62,27.18,12310
2008-12-4,27.9,27.9,26.27,27.3,8040
2008-12-5,26.92,28.55,26.3,27.7,6280
2008-12-8,28.7,31.97,27.8,31.97,43100
2008-12-9,32,32.7,30.5,30.81,49320
2008-12-10,31.59,33.81,30.95,31.92,43710
2008-12-11,32.01,34.7,31.05,34,39110
2008-12-12,34,34,30.28,31.62,20750
2008-12-15,32.62,33.88,31.5,31.7,18270
2008-12-16,31.7,33.45,31.53,32.38,34020
2008-12-17,32.36,33.8,31.32,31.7,9050
2008-12-18,31.31,31.84,30,30.5,12070
2008-12-19,30.44,31.99,29.04,31.65,23030
2008-12-22,32,32.9,31.8,32.3,10040
2008-12-23,31.12,32.29,31.09,32,12840
2008-12-24,32.5,32.97,30.7,31.47,6930
2008-12-25,30.66,31.86,30.59,31,7980
2008-12-26,31.5,31.8,30.2,30.54,14820
2008-12-29,31.4,31.97,30.01,31,8020
2008-12-30,31.3,31.99,28.74,30,36880
2008-12-31,30.26,30.79,29.63,29.78,3280
2009-1-11,30.94,31.95,30,31.6,15370
2009-1-12,31.5,31.95,31.06,31.9,5170
2009-1-13,30.8,31.5,30.78,31.44,12360
2009-1-14,31.65,32.88,31.2,31.2,22540
2009-1-15,30.99,31.21,29.07,29.18,46850
2009-1-16,29.4,30.18,29.34,29.79,8350
2009-1-19,29.55,31,26.86,27.01,32110
2009-1-20,27.2,27.67,24.74,25.3,28230
2009-1-21,24.98,26.7,23.77,25.08,76430
2009-1-22,26,28.2,25.15,26.35,174110
2009-1-23,26.21,27.28,25.1,26.3,20010
2009-1-26,26.89,27.81,25.94,27.5,11540
2009-1-27,27.5,29.1,27.3,28.4,27980
2009-1-28,28.06,30.5,28.06,30.2,21710
2009-1-29,31.06,31.06,29.5,29.81,9220
2009-1-30,29.55,31.9,29.55,30.7,63560
2009-2-2,29.9,31.24,28.21,30.99,38680
2009-2-3,31.01,34.5,31.01,31.55,71240
2009-2-4,32,32.23,31.1,31.97,15230
2009-2-5,32.2,33,31.16,31.45,37640
2009-2-6,32.01,34.45,31.9,34.36,122060
2009-2-9,34.34,41.7,34.34,39.95,196380
2009-2-10,40.36,40.78,36.75,39.8,112420
2009-2-11,38.81,42.93,36.77,38.99,69790
2009-2-12,37.4,40.94,35.35,35.99,34900
2009-2-13,35.9,37.75,35.9,37.25,36400
2009-2-16,37.41,37.99,35.9,36.29,33120
2009-2-17,35.85,35.85,33.05,33.13,38610
2009-2-18,33.73,35,31.18,33.5,39160
2009-2-19,34,35.68,33.61,34.34,21480
2009-2-20,34,34,32,32.84,27380
2009-2-24,32.05,32.8,30.51,32.5,13140
2009-2-25,34.5,34.5,32.21,32.5,24650
2009-2-26,33.45,34.3,32.7,34,31000
2009-2-27,34.9,36.7,33.5,33.9,41490
2009-3-2,32.99,33.39,32,32.56,11290
2009-3-3,32,33.1,30.91,31.35,52320
2009-3-4,32.94,33,31.7,32.1,68690
2009-3-5,32.4,32.7,30.77,31.01,40410
2009-3-6,30.8,31.29,30.53,31,26900
2009-3-10,31.98,32.55,31.1,32.1,96480
2009-3-11,32.5,32.5,30.6,31,71990
2009-3-12,31,31,29.7,30.39,48470
2009-3-13,30.5,30.99,30.06,30.44,30280
2009-3-16,29.5,30.7,29.5,30.59,37980
2009-3-17,30.7,31.25,30.1,30.56,85480
2009-3-18,30.56,30.6,29.04,29.2,80880
2009-3-19,29.41,29.8,29.02,29.55,63710
2009-3-20,29.5,29.68,29.15,29.29,85590
2009-3-23,29.39,32,29.36,32,318780
2009-3-24,32.37,33,29.75,30,193360
2009-3-25,29.87,31.25,29.8,30.88,218140
2009-3-26,31.67,31.67,30.11,30.85,112700
2009-3-27,31,33.95,30.5,33.28,165990
2009-3-30,33,33,31.2,31.6,94040
2009-3-31,31.92,34.75,31.92,33.9,130800
2009-4-1,33.9,34.99,32.75,34.72,108180
2009-4-2,35.4,38.01,35,37.85,155440
2009-4-3,37.55,38.96,36.4,38.5,113290
2009-4-6,39,39.65,36,36.67,104090
2009-4-7,36.25,37.84,36.05,36.82,49200
2009-4-8,36.63,38.46,34.45,38.2,108440
2009-4-9,38.78,41.83,38.5,41.52,155300
2009-4-10,39.69,44.88,39.69,44.22,156010
2009-4-13,42.45,46.7,42.45,45.79,94980
2009-4-14,45.9,49.25,45.8,47.15,196820
2009-4-15,46,47.9,43.51,46.7,96720
2009-4-16,47.51,48.79,46.52,48,123440
2009-4-17,47.78,48.74,47.13,48.45,88610
2009-4-20,47.97,48.47,45.46,46.11,87290
2009-4-21,45.06,46.41,43.66,45.5,46250
2009-4-22,45.5,48,45.5,47.56,73930
2009-4-23,47.71,47.98,47.1,47.64,64400
2009-4-24,47.6,54,47.09,51.63,194130
2009-4-27,51.84,53.99,49.7,52.59,145570
2009-4-28,52.59,52.94,48.27,51.2,91800
2009-4-29,53.01,53.01,50.03,51.48,32720
2009-4-30,51.63,55,51.21,53.9,75620
2009-5-4,54.82,58.2,54.2,57.49,70640
2009-5-5,58.08,58.09,56.5,57.1,80040
2009-5-6,56.24,59.99,55.88,58.02,73060
2009-5-7,60.39,60.39,56.37,57.65,154990
2009-5-8,57.66,59.23,57,59.23,28840
2009-5-12,58,61,56.02,60.79,119310
2009-5-13,61.93,62.98,57.4,58.15,155710
2009-5-14,56.92,58.15,53.71,54,95860
2009-5-15,55.9,56.4,54.69,55.56,62950
2009-5-18,55.55,56.89,55.1,56.7,41220
2009-5-19,57.68,59.75,57.5,58.76,94130
2009-5-20,59.5,63.5,57.68,61.64,77460
2009-5-21,61.49,61.5,57,57.5,47150
2009-5-22,59.65,59.65,58.02,59.4,19470
2009-5-25,59.89,62,58.51,62,41640
2009-5-26,62.43,63.2,58.48,63.2,34530
2009-5-27,64.25,65.8,62.21,65.05,70400
2009-5-28,63.4,72,63.4,68.46,89340
2009-5-29,68.73,70.65,68.46,69,26450
2009-6-1,70.23,73.5,69.96,72.2,45810
2009-6-2,72.81,74,70.5,71.4,83260
2009-6-3,73.45,73.45,65.04,65.51,53230
2009-6-4,61.44,66.48,61.44,66.47,53640
2009-6-5,68,71.69,66.51,69.82,60460
2009-6-8,70,71,69.01,70.71,21080
2009-6-9,70.71,73.2,70.22,71.2,24010
2009-6-10,71.2,73.8,70.9,73,60700
2009-6-11,73.43,76.9,73.43,76.7,86610
2009-6-15,76.5,84,76.14,81,219170
2009-6-16,79.1,86,79.1,84.26,77980
2009-6-17,84.1,85.5,72.75,75,138890
2009-6-18,75.43,77.2,68,76.5,79280
2009-6-19,79.7,79.7,73.51,75.5,24910
2009-6-22,75.49,75.5,66.15,66.7,47830
2009-6-23,66,66,58,63.95,89020
2009-6-24,65,71.79,63.03,71.21,48610
2009-6-25,70.2,71.88,68,70.88,19170
2009-6-26,72.83,74.3,71,71.19,36570
2009-6-29,70.99,71.32,69,69.82,13280
2009-6-30,70.23,72.57,70.05,71.36,34560
2009-7-1,71.71,73.2,70.51,73,11170
2009-7-2,73.5,77.78,73.5,75,32290
2009-7-3,76.1,76.1,71.97,73.2,9900
2009-7-6,69.78,71.93,69.69,70,14250
2009-7-7,70.99,71.5,70,70,20980
2009-7-8,70,70,66.51,67.77,20110
2009-7-9,68,68.28,63.21,63.5,29210
2009-7-10,63.49,64.3,60.06,62.3,29670
2009-7-13,57.5,63.75,57.5,62.6,25700
2009-7-14,63,64.64,62.49,62.61,28830
2009-7-15,63.3,65.4,63.3,65.39,28490
2009-7-16,66.01,68,64.2,65.25,35600
2009-7-17,65.9,69.65,64.58,69.65,26070
2009-7-20,69.9,75.9,69.9,74.41,41900
2009-7-21,74.55,75.7,70.5,74.8,41590
2009-7-22,74.88,76.98,70.88,73.73,54780
2009-7-23,74,81,72.2,79.99,224140
2009-7-24,80.08,83.47,76.05,81,44150
2009-7-27,83,84.2,80,80.49,28000
2009-7-28,80.49,88.01,80.49,83.5,80280
2009-7-29,82,86.9,78.3,80.6,50110
2009-7-30,80.85,82.99,80,82.65,26230
2009-7-31,83.3,85,81.12,83.88,30990
2009-8-3,85.64,89.53,83.88,87.5,56080
2009-8-4,87.5,88,84.11,86.72,15960
2009-8-5,86.62,88.99,85.73,85.86,24160
2009-8-6,86.26,88.79,85.5,86.01,14710
2009-8-7,84.75,87.4,84,86.92,26210
2009-8-10,87,89.77,85.07,89.77,30940
2009-8-11,89.6,94.8,89,91,53160
2009-8-12,90.5,91.82,86.14,90.99,27910
2009-8-13,92.97,93.44,89.73,90.8,19960
2009-8-14,90.85,91.01,86.5,87.45,9550
2009-8-17,78.84,86.4,78.84,85,29160
2009-8-18,86.48,87,85.15,86.1,10450
2009-8-19,86.1,86.1,84,84.69,11180
2009-8-20,86,89,85.6,88.45,24670
2009-8-21,87.01,90.5,87,90.01,20330
2009-8-24,92,92.75,89.5,90.9,18700
2009-8-25,91,91,88,89.9,39640
2009-8-26,90.47,90.48,88.07,88.99,26390
2009-8-27,88.21,88.89,86.15,86.21,19560
2009-8-28,86.51,89.99,85.11,88.1,13610
2009-8-31,87.99,88.87,85.3,85.78,11390
2009-9-1,88.58,90,85.01,86.4,10000
2009-9-2,85.02,85.15,80.51,81.81,27610
2009-9-3,81.81,84.7,81.21,82.9,38300
2009-9-4,83.99,84.42,81.15,82.3,15260
2009-9-7,82.7,84,82.34,83.5,8090
2009-9-8,83.5,91.26,83.5,91.2,60020
2009-9-9,92,96.99,89.01,95.01,87210
2009-9-10,96,99.49,94.5,95,65430
2009-9-11,91.91,96.63,91.91,94.8,22690
2009-9-14,91,96.85,91,96,27320
2009-9-15,96.01,98.8,96.01,97.68,52490
2009-9-16,98.76,100.49,95.5,96.98,42280
2009-9-17,98.06,99.75,94.68,96.25,42030
2009-9-18,95,97.4,93.89,96.5,27250
2009-9-21,95.6,96.08,93.45,93.56,25310
2009-9-22,93.56,98.21,93.23,98.02,30240
2009-9-23,99,112,98.45,106.31,100440
2009-9-24,105.68,113.89,102.7,103.1,70720
2009-9-25,103,113,103,113,56850
2009-9-28,111,112.9,107.58,112,35810
2009-9-29,112.95,115,110.2,113,24250
2009-9-30,113.75,118.49,111.76,116.14,47720
2009-10-1,122,125,117,121.98,62580
2009-10-2,118,122.5,114,116.39,89190
2009-10-5,116.4,118.7,113.7,114.7,29760
2009-10-6,115.24,118.6,115.24,116.6,28930
2009-10-7,119,119.49,115.5,116.21,23500
2009-10-8,119.05,124.89,118,123.5,104960
2009-10-9,124,124.4,121.53,123,36540
2009-10-12,123.25,129.75,121.55,123.94,37330
2009-10-13,124.67,126.14,116.2,119,80680
2009-10-14,124.25,124.25,120.23,122.99,76200
2009-10-15,129,129,123.3,127.29,144830
2009-10-16,127.99,127.99,121.5,121.75,80300
2009-10-19,121.75,124.81,121.75,124.32,21270
2009-10-20,126.5,126.5,124.75,126.3,33050
2009-10-21,126,126.49,124.02,126.2,25940
2009-10-22,125.73,125.98,123.5,123.81,14270
2009-10-23,125,126.5,123.61,124.86,16150
2009-10-26,125,126.99,124.23,125.22,20480
2009-10-27,115.89,126.3,115.89,124.77,56890
2009-10-28,122.78,124.3,113.35,113.7,49460
2009-10-29,110.03,118.48,108.75,118,45230
2009-10-30,121.3,121.3,114.55,115.08,74740
2009-11-2,114,118,113.5,118,16420
2009-11-3,118.9,118.9,115.01,116.65,47480
2009-11-5,116.7,117,116,116.65,15600
2009-11-6,116.99,122.6,116.99,121,39640
2009-11-9,122.29,130.19,122.29,129.98,76960
2009-11-10,129.74,134.4,125.3,126.97,41230
2009-11-11,127.5,129.5,126.36,127.4,35030
2009-11-12,127.99,129.11,126.66,127.06,19440
2009-11-13,124.44,126.2,123.15,126,19060
2009-11-16,127.08,130,125.61,130,46060
2009-11-17,130,133,127.36,128.75,42260
2009-11-18,129.26,133.21,128.77,130.85,33000
2009-11-19,130.84,132.85,128.41,130,15380
2009-11-20,128.23,132.5,128,132.5,15780
2009-11-23,132.75,135,132.75,134.99,13860
2009-11-24,134.95,135,132.34,133.51,17180
2009-11-25,133.15,135.66,131.11,132,22010
2009-11-26,131.52,131.52,125.31,127.13,37060
2009-11-27,120,129.78,120,127.5,58260
2009-11-30,129.97,132,127.49,129.01,23760
2009-12-1,128.39,133,128.38,131.8,24440
2009-12-2,131.5,134,130.5,132,20510
2009-12-3,134,134.77,131.82,132,11320
2009-12-4,131.13,134.48,130.25,134.05,10810
2009-12-7,132.7,136.55,131.01,132.34,14320
2009-12-8,133.99,134.99,131.21,131.81,12650
2009-12-9,131.79,132.97,130,132,34830
2009-12-10,131.3,134.39,131.25,134.39,49030
2009-12-11,135,135.7,133.97,135.64,9020
2009-12-14,136.31,139.99,136.31,139.02,15400
2009-12-15,139.04,142.19,138.4,138.71,20580
2009-12-16,138,141.39,138,138,25790
2009-12-17,138.25,141.71,137.73,139.25,8100
2009-12-18,139.14,142.5,139.1,141.45,14530
2009-12-21,141.99,143.5,141.11,142.71,9390
2009-12-22,143.46,147.87,141.41,146.39,19170
2009-12-23,147.39,147.39,145,146.99,12010
2009-12-24,146.99,148.5,145,145.48,17800
2009-12-25,145.01,146.95,144,145.81,4610
2009-12-28,146,146.5,145.01,146.1,3050
2009-12-29,145.07,145.99,142.22,143.12,16550
2009-12-30,141.69,146.95,141.65,145.54,9870
2009-12-31,146.5,146.5,146,146.5,780
2010-1-11,149,158,149,156,20230
2010-1-12,156,159.9,153.3,158.96,53750
2010-1-13,159.79,167.99,158.7,165.12,45050
2010-1-14,167,179,167,175.62,49980
2010-1-15,179.37,185,172.05,174.98,108250
2010-1-18,175,179.3,173.21,178.6,29120
2010-1-19,175,177.5,172.5,176.77,39070
2010-1-20,178.38,179,175.03,176.6,39320
2010-1-21,178,178.84,172.91,173.1,39410
2010-1-22,172,176,166.1,169.16,60410
2010-1-25,166.79,172.01,166.05,166.8,29610
2010-1-26,166.75,167.55,161.56,162.01,34900
2010-1-27,162.1,166.4,159.49,161.6,28860
2010-1-28,171.46,171.46,164.63,166.89,40350
2010-1-29,165,167.7,165,167.7,18920
2010-2-1,165.65,170.72,164.12,170.3,22680
2010-2-2,173,178.49,168.5,171.7,124620
2010-2-3,173.7,175,171.7,171.71,33260
2010-2-4,173.89,174.98,169,170.5,60290
2010-2-5,163.99,169.23,162.35,163.7,43710
2010-2-8,163.7,167,160,161.51,38870
2010-2-9,164.04,166.99,161.72,162.49,90540
2010-2-10,166,166,160,161.3,50420
2010-2-11,162.2,163.5,158.03,158.5,20740
2010-2-12,159.8,161.02,154,154.7,35500
2010-2-15,154.96,156.7,153.94,155,16570
2010-2-16,163,163.55,155.7,163.55,86270
2010-2-17,165.46,168.15,164.51,166.92,41720
2010-2-18,165.88,168,161.2,163.65,30570
2010-2-19,163.06,164.01,159.28,163,18170
2010-2-24,163.01,163.5,162.21,163.5,95780
2010-2-25,162.18,164.5,159.98,160.61,12410
2010-2-26,160.81,164.44,160.81,164.08,15650
2010-2-27,164,165.55,163.51,165.49,6080
2010-3-1,167.2,170,166.49,168,23300
2010-3-2,168.12,170.3,167,170,18910
2010-3-3,168.61,175,168.61,173.85,33060
2010-3-4,176.2,179,172.02,177.7,64810
2010-3-5,179.5,187,179,187,64810
2010-3-9,187.57,198.27,186.49,190.49,120050
2010-3-10,195.75,195.75,186.7,187.6,32220
2010-3-11,187,188.95,184.31,187.5,45950
2010-3-12,188,193.8,188,191.5,44490
2010-3-15,185.01,193.18,177,186.9,31750
2010-3-16,185.04,191.9,185,191.45,26870
2010-3-17,193.5,203,192.53,200.1,86760
2010-3-18,200,200,197.51,198.9,27300
2010-3-19,198.9,209,198.7,205,181630
2010-3-22,200.03,207,196.01,199,65340
2010-3-23,203.52,205,200.02,201.35,24560
2010-3-24,202.51,212.77,202,207.5,78870
2010-3-25,208,210,203.76,207.49,42130
2010-3-26,205,216,204.01,214.87,57790
2010-3-29,209.85,219,209.85,216,34200
2010-3-30,218.3,219,212.12,215.65,29970
2010-3-31,215.73,220.52,215,216.9,63820
2010-4-1,217.98,219.38,212.8,215,131230
2010-4-2,216.95,216.99,213.11,215.45,27110
2010-4-5,215.45,232.43,214.98,224,76180
2010-4-6,224.5,229.49,218.01,221.99,24580
2010-4-7,222.51,224.3,209.68,214.22,79120
2010-4-8,213.06,217.5,206.98,213.22,30980
2010-4-9,215.7,220,214.25,215,74840
2010-4-12,218.5,218.5,214.08,214.87,32900
2010-4-13,214.08,223.97,213,218.89,87300
2010-4-14,219.86,223.9,219.22,220,79730
2010-4-15,222,225.95,220.5,222.3,94150
2010-4-16,220.63,221.06,215.2,216.5,38420
2010-4-19,213.66,213.66,205.06,209.5,90940
2010-4-20,209.76,225,209.76,214.7,36370
2010-4-21,216.35,219.5,212.49,213.7,48680
2010-4-22,212.35,215.98,209.11,211,32250
2010-4-23,211.4,213.99,207.99,211.25,40500
2010-4-26,214,216,212.01,213,13860
2010-4-27,211.5,212.95,206.99,209,31990
2010-4-28,205.5,205.5,197.7,199.5,112240
2010-4-29,200.25,209,200.25,207.47,68480
2010-4-30,207.57,210.12,206.02,207.58,21820
2010-5-4,208.99,209.98,198.5,202,41760
2010-5-5,198,203.24,194.77,198.75,60200
2010-5-6,196.97,199.25,193.02,194.5,41910
2010-5-7,189.61,190,165,173,65690
2010-5-11,150,154.53,128,132.39,537500
2010-5-12,127.9,148.77,126,148,637380
2010-5-13,149,151.9,142.2,149.8,202830
2010-5-14,149.39,149.39,144.03,147.94,115780
2010-5-17,140,146,138.31,145,140310
2010-5-18,143.4,150,143.4,146.07,87730
2010-5-19,146.04,146.07,140,141,62470
2010-5-20,141.69,141.77,130.27,134.01,42310
2010-5-21,135,140,126.61,138.98,121710
2010-5-24,141.78,146.89,138,139.75,50610
2010-5-25,134.44,138,132.65,133,75570
2010-5-26,134.99,158,134.99,152.82,360010
2010-5-27,156,156.5,144.01,144.74,60070
2010-5-28,147,148.99,143.01,145,27160
2010-5-31,149.38,149.38,145.36,148.9,23870
2010-6-1,148.45,148.45,140,143.02,49190
2010-6-2,141,143,138.98,140.89,41160
2010-6-3,143.24,144.4,138.21,140.39,36220
2010-6-4,140,140.94,135.1,137,29200
2010-6-7,134.85,134.85,129,132,46820
2010-6-8,131.52,134,129.8,131.02,26120
2010-6-9,133,134.4,131.5,132.9,26060
2010-6-10,132.82,132.83,129.91,132.02,21050
2010-6-11,135.81,135.81,130.22,131.31,18200
2010-6-15,132.4,134.42,130,133,38000
2010-6-16,134,138.99,133.36,136,105050
2010-6-17,136.5,138.88,135.35,137.9,37360
2010-6-18,137.88,143.97,137,139.54,74450
2010-6-21,142.01,142.24,137.19,140.5,27360
2010-6-22,140.75,141,138,138.7,15340
2010-6-23,138.5,141.39,135.79,138.99,48650
2010-6-24,139.95,141,136.33,136.51,11960
2010-6-25,136.05,136.6,132.5,132.59,20540
2010-6-28,135,135,130.61,131.5,22090
2010-6-29,134.79,134.79,126.3,127.1,37600
2010-6-30,128.28,128.28,124.06,124.5,22780
2010-7-1,124,126.92,121.02,124,22840
2010-7-2,124.69,126.42,122.41,124.69,12180
2010-7-5,125,125.9,122.12,124,16120
2010-7-6,124.65,125.25,123,125.1,22300
2010-7-7,123.95,124.48,122.22,124.48,8810
2010-7-8,124.99,125.79,121,122,30760
2010-7-9,122.01,122.8,121,122.8,8430
2010-7-12,123.42,123.42,121.5,121.76,8880
2010-7-13,121.61,122,120.02,121.4,28770
2010-7-14,122.01,124.48,122,122.6,61180
2010-7-15,122.6,124.1,120.7,121,42140
2010-7-16,121.1,121.2,117.07,118,28520
2010-7-19,117.55,119.93,117.01,118.5,63200
2010-7-20,118.98,119.03,117.19,117.99,23120
2010-7-21,118.25,118.74,117.53,118,7040
2010-7-22,117.29,119.7,117.1,118.7,36470
2010-7-23,119.7,119.7,117.75,118,20100
2010-7-26,118.01,118.98,117.5,117.5,20920
2010-7-27,119.5,119.5,117.5,117.7,49210
2010-7-28,118.46,118.47,117.38,117.84,24010
2010-7-29,114.51,118.6,114.51,118.2,78340
2010-7-30,117.69,121.17,117.56,119.56,52980
2010-8-2,120,131,120,129.73,85170
2010-8-3,132.29,137.8,129.48,134.64,116470
2010-8-4,132.26,140.15,132.26,139.2,57970
2010-8-5,139.2,140.5,137.25,138,28290
2010-8-6,138,140.27,134,136.37,29030
2010-8-9,135.29,138.35,135.27,136.5,16260
2010-8-10,136.15,136.49,133.09,133.14,20630
2010-8-11,132,140.52,130.52,139,110230
2010-8-12,139.99,151.88,138.01,144.47,153140
2010-8-13,144.99,148.49,144,145.8,46650
2010-8-16,145.9,148.5,139,147.97,54790
2010-8-17,148.02,154.99,148.02,152.98,72920
2010-8-18,150,159.76,150,157.97,83750
2010-8-19,158.88,165.98,157.1,158.9,126230
2010-8-20,158.51,160.9,153.74,154.96,46360
2010-8-23,154.98,158.88,151.01,155.38,49690
2010-8-24,154.9,155,151.01,152.25,39460
2010-8-25,150.5,153.74,148,148.99,38710
2010-8-26,150.98,152.57,146.79,147.89,55380
2010-8-27,147.1,149.7,145.27,146.7,64940
2010-8-30,148.9,148.98,143.76,144.4,24310
2010-8-31,143.65,146.16,141.01,143.52,47110
2010-9-1,145.2,152.5,144,152.24,91390
2010-9-2,153,157.9,151,153.15,95860
2010-9-3,149.76,155.5,149.76,155,43210
2010-9-6,155,156.49,153.1,154.46,21270
2010-9-7,154.33,154.89,152.37,152.57,17590
2010-9-8,152.66,157.11,152.66,156.3,32160
2010-9-9,157,158,154.2,157.02,61950
2010-9-10,156.6,157.2,152.7,152.98,58570
2010-9-13,153.33,157.5,149.38,154,56630
2010-9-14,153.11,154.66,150.77,151.88,25400
2010-9-15,152.9,153.5,150,153.2,37240
2010-9-16,152.79,155.8,151.8,154.56,40890
2010-9-17,157.03,158.89,152.52,154,72730
2010-9-20,154.9,156.4,152.01,155.79,17370
2010-9-21,156,158.87,153.15,157.95,48100
2010-9-22,157.95,158.4,155.2,157.37,30080
2010-9-23,156.99,159.5,156.05,158.61,62650
2010-9-24,158.02,161.7,158.01,160,66660
2010-9-27,161,163.5,160.03,162.51,59460
2010-9-28,162.3,163.5,159.13,162.59,49610
2010-9-29,163.3,172.98,163.3,171.09,110100
2010-9-30,172.03,172.77,168.55,172.01,56780
2010-10-1,172.69,173,169.33,170.79,24300
2010-10-4,173.77,173.77,167.28,171,28070
2010-10-5,170.5,172,169.18,169.7,24940
2010-10-6,171,171.01,165,166.65,64780
2010-10-7,167.98,169.88,165.98,169.7,20910
2010-10-8,169.5,171.7,167.21,169.7,37000
2010-10-11,170.96,173.5,169.75,173.5,59450
2010-10-12,177.97,177.97,171.12,173.54,24500
2010-10-13,174.25,178,172.54,173,65330
2010-10-14,173,174.59,170.06,173.4,44920
2010-10-15,173.02,177.94,172.67,177.94,81350
2010-10-18,177.12,182.4,175.2,180,119330
2010-10-19,180.25,181.5,175.7,177,64650
2010-10-20,177,177.87,174.2,176.99,25290
2010-10-21,177,180.59,175.57,179.97,51810
2010-10-22,180.01,181.82,178,180,25530
2010-10-25,180.33,181.3,179.02,180.55,11200
2010-10-26,181,182.43,178.62,182.2,24080
2010-10-27,180.51,181.09,176.98,180,25000
2010-10-28,178.03,180.36,178.01,179.23,8590
2010-10-29,179.27,180,176.01,179.91,29600
2010-11-1,179.88,179.88,177.07,177.07,16680
2010-11-2,177.04,177.49,172.1,172.75,32280
2010-11-3,171.13,174.5,170.26,172.25,32140
2010-11-8,175.49,175.75,173,173.52,15520
2010-11-9,169.18,177.48,169.18,174.8,41230
2010-11-10,174,175.98,170.7,171,21230
2010-11-11,172.99,172.99,170.87,171.3,22400
2010-11-12,170.9,175.99,167.2,172.54,37770
2010-11-13,173.9,175.98,171.56,175.3,16780
2010-11-15,175.32,177.37,173.2,176.76,31480
2010-11-16,175.07,177.3,173.01,175.5,16710
2010-11-17,175,175,171.36,174.69,21600
2010-11-18,175.3,175.7,173.69,174.6,10740
2010-11-19,175,176.5,173.88,176.5,17360
2010-11-22,176.5,177.85,175.97,177.51,21410
2010-11-23,177.01,181.9,176.99,179.99,97260
2010-11-24,180,184.74,179.99,183.5,41490
2010-11-25,184.8,186.2,184.12,184.3,40550
2010-11-26,183.26,186.7,181.31,185.3,26900
2010-11-29,186.93,232.29,185,185,52120
2010-11-30,190.55,190.98,186.09,189,21320
2010-12-1,188,201.32,188,201,84540
2010-12-2,202,209.89,201.9,206.35,76850
2010-12-3,209.5,209.5,200.49,205.3,39020
2010-12-6,203.01,206.9,200.02,205.54,19010
2010-12-7,205.2,207.5,202.73,207,54040
2010-12-8,205,206.89,202.05,202.64,21580
2010-12-9,203.51,205.12,202.09,203.6,12010
2010-12-10,202.26,202.26,196,198,28070
2010-12-13,199.97,201.76,198.56,199.86,15560
2010-12-14,200.81,201,197.22,199,25260
2010-12-15,199,200.5,197.99,199.79,22630
2010-12-16,199.82,208.76,199.1,207,64490
2010-12-17,208.03,214.22,207.13,210.65,74600
2010-12-20,210,211.1,207.01,207.68,17280
2010-12-21,209.63,209.63,205,207.5,41650
2010-12-22,208.99,211.1,207,209.8,27090
2010-12-23,210.5,210.74,207.9,209.5,12720
2010-12-24,208.53,209.96,207.45,209,17520
2010-12-27,209,209,205.15,207,13140
2010-12-28,207.22,213.4,207.22,213.25,100240
2010-12-29,213.25,216.15,212,214.97,23200
2010-12-30,214.08,215.25,212.99,214.94,21120
2011-1-11,223.13,232.5,223.13,230.3,122310
2011-1-12,237.11,238.8,231.45,234,155480
2011-1-13,236,236,223.11,228.38,95580
2011-1-14,227.99,229.98,221,222.04,71420
2011-1-17,221.91,224.19,221.81,222.26,57110
2011-1-18,223,231.91,222.1,227.35,113690
2011-1-19,234.4,234.4,228,229.6,68240
2011-1-20,232.58,232.58,224.6,228.15,29070
2011-1-21,228.54,230.95,227.72,228.42,33220
2011-1-24,228.61,229.5,222.1,223.7,102730
2011-1-25,225.9,227,219.01,222,22960
2011-1-26,223,229.5,223,228,63400
2011-1-27,229.71,231.2,225.3,225.96,32000
2011-1-28,225.2,225.96,222.98,224.49,21190
2011-1-31,223.11,226.97,222,226.15,31760
2011-2-1,226.9,230,226.03,228,75010
2011-2-2,232,234.6,230.1,233.35,137150
2011-2-3,233.93,235,226.11,228.5,32630
2011-2-4,234.24,234.24,226.57,230.5,22070
2011-2-7,231.01,234.5,230.01,232.45,40900
2011-2-8,233.1,233.1,227.11,232.2,29830
2011-2-9,228.59,229.98,223.2,225.11,28720
2011-2-10,230.19,230.19,217.1,219.5,139320
2011-2-11,217.25,219.98,216,218,39900
2011-2-14,221.97,223.4,216.03,219,29550
2011-2-15,218.55,222.9,218,219.88,39220
2011-2-16,219,219.9,218.16,218.22,30170
2011-2-17,218.06,219.96,216.92,218.8,26350
2011-2-18,218.9,219.96,216.45,218,11160
2011-2-21,218,231.5,218,227.53,78640
2011-2-22,227.89,227.98,224,225.26,46160
2011-2-24,223.2,224.9,216.11,220.5,60350
2011-2-25,221.62,226.9,219.89,226.4,39520
2011-2-28,230,240,222.53,224.49,131040
2011-3-1,226.87,227,219.22,224.22,23227
2011-3-2,221.11,227.64,220,220.61,20540
2011-3-3,221.95,225.45,220.02,222.97,16097
2011-3-4,223.11,224.28,212.33,214.84,69663
2011-3-5,216.44,218.5,212.91,218,18570
2011-3-9,218.5,219.2,212.5,212.6,42993
2011-3-10,210,210,198.9,199.8,153450
2011-3-11,200,200,189.12,191.26,87050
2011-3-14,192.98,199.77,188.61,189.91,81969
2011-3-15,185,189.15,182.31,183.99,100952
2011-3-16,183.75,192,183.75,189.46,81334
2011-3-17,183.69,196.77,183.69,195.5,60072
2011-3-18,199.44,202.99,198.51,201.8,103806
2011-3-21,203.01,205.87,203.01,204.25,53879
2011-3-22,204.88,204.99,190,204,28133
2011-3-23,203,204.15,200.66,202.98,29157
2011-3-24,202.98,204,200.1,202.59,30025
2011-3-25,202.62,203.02,198.7,199.52,32195
2011-3-28,198.98,199.6,194,197.84,44685
2011-3-29,196.04,197.6,190.5,191.6,76265
2011-3-30,190.5,193.7,190.5,191.49,74660
2011-3-31,192.78,192.8,189.01,190.31,42015
2011-4-1,190.31,191.38,188.51,188.7,56147
2011-4-4,190.25,190.25,188.5,188.99,41192
2011-4-5,191.2,191.2,184.13,186,102424
2011-4-6,186.5,193.38,185.91,192.25,130569
2011-4-7,192.96,197.42,191.99,196.94,85249
2011-4-8,197.5,204.19,193.15,203.71,133229
2011-4-11,204,207.9,201.01,202.01,93778
2011-4-12,199.8,201.9,195.2,196.19,67775
2011-4-13,198.03,201.77,195.01,196.72,107107
2011-4-14,198.31,198.99,196.21,196.75,41878
2011-4-15,193.48,198.62,193.48,194.47,30505
2011-4-18,193.07,195.08,183.64,188,99796
2011-4-19,189,192.39,185.46,189.76,38395
2011-4-20,190.98,193.41,187.01,189,42741
2011-4-21,190.77,191.97,186.02,188.51,27030
2011-4-22,188,190.87,188,190.3,16011
2011-4-25,190.87,191.99,188.01,188.02,27623
2011-4-26,186.32,188,183.15,184.62,40614
2011-4-27,185.28,186.99,180.01,181.2,66687
2011-4-28,181.88,184.08,181.88,182.31,53996
2011-4-29,182.31,182.4,180.2,182.16,38423
2011-5-3,181.67,184.49,178.6,179.46,31953
2011-5-4,174.8,178.96,174.8,176.36,23175
2011-5-5,175.55,178.29,170.82,172.73,25873
2011-5-6,172.77,172.77,166,170.01,54837
2011-5-10,172.75,172.75,168,168.47,38743
2011-5-11,167.5,172,163.75,166,59139
2011-5-12,164.04,164.07,160.8,162.5,50846
2011-5-13,161.2,164.48,155.22,161.55,36016
2011-5-16,160.04,161.54,157,160.05,50031
2011-5-17,161.5,161.7,156.15,157,45506
2011-5-18,158.37,162,157.2,158.3,48522
2011-5-19,159.64,170.5,157.99,168.05,283000
2011-5-20,170.2,171.77,164.1,165.92,153386
2011-5-23,160.56,163,155.5,156.5,129145
2011-5-24,156.5,167.45,156.5,160.88,262861
2011-5-25,159.57,164.88,157.69,163.8,72699
2011-5-26,164.89,167.88,163.48,163.85,42621
2011-5-27,165.48,174.2,165.48,170.12,181713
2011-5-30,170.5,173.87,170.36,171.84,59352
2011-5-31,172.9,173.2,169.12,171.4,81333
2011-6-1,171.89,176.9,169.2,174.92,76805
2011-6-2,172.58,178.51,170.51,176.29,119657
2011-6-3,176.38,176.6,167.19,171.3,79728
2011-6-6,169.85,171.5,165.4,165.76,78917
2011-6-7,166,171.45,164.24,169.49,57949
2011-6-8,168.89,171.8,167.66,168.82,73259
2011-6-9,169.28,170.69,161.1,167.49,125790
2011-6-10,167.55,168.32,164.54,165.65,43348
2011-6-14,161.94,167.04,161.94,164.82,33074
2011-6-15,162.07,167.9,162.07,166,33823
2011-6-16,165.15,166.18,163.5,166,24550
2011-6-17,165.26,165.76,162.9,163.16,18799
2011-6-20,163,163,159.05,160,35098
2011-6-21,161.22,161.72,160.11,161.39,32721
2011-6-22,161.39,162.38,159.51,161.03,22538
2011-6-23,160.99,168.19,160.22,163.66,76506
2011-6-24,164.83,165.99,161.69,162.48,39702
2011-6-27,165.99,165.99,160.73,162.8,18173
2011-6-28,164.5,164.88,162.69,164.16,22771
2011-6-29,164.45,166.75,163.73,165,35058
2011-6-30,165.7,166.38,163.8,163.8,36840
2011-7-1,163.88,166.7,162.94,166,32128
2011-7-4,166.15,170.71,165.21,170.3,72603
2011-7-5,170.64,180.7,169.36,179.91,237433
2011-7-6,180.1,185.15,175.36,181.25,183810
2011-7-7,180.92,185,180.92,182,75428
2011-7-8,182.8,183.01,178.09,181.49,65560
2011-7-11,179.98,180.22,173.31,173.51,69145
2011-7-12,173.4,191.02,170,180.53,278617
2011-7-13,180.99,187.5,179.82,181,321846
2011-7-14,177.05,177.05,172.5,175.46,130503
2011-7-15,175,175,171.03,173,42071
2011-7-18,183.05,183.05,170.5,171,30555
2011-7-19,166.88,173,166.88,171.4,35714
2011-7-20,176.24,176.24,171.5,171.55,31682
2011-7-21,173,173.9,171,173.61,24513
2011-7-22,174.54,175,172.6,173.6,17888
2011-7-25,172.89,173.75,171.03,173.5,25182
2011-7-26,173.92,173.92,171.3,172,39255
2011-7-27,171.63,172,170.05,170.11,22142
2011-7-28,169.9,170.5,168.01,170.25,28295
2011-7-29,170.25,171.89,167,167,31431
2011-8-1,168.44,171.49,168.44,170.69,26249
2011-8-2,170.8,171.6,169.51,171,19837
2011-8-3,170.28,170.28,163,163,55346
2011-8-4,166.04,166.97,157.77,158.41,63580
2011-8-5,154.36,154.76,147.3,148.99,146465
2011-8-8,143.65,146.25,130.7,130.96,246836
2011-8-9,125,131.95,111.01,127.61,276185
2011-8-10,130,138.49,121.09,124.04,221283
2011-8-11,126.66,131.99,114.7,126.5,162157
2011-8-12,128.05,135.3,122.1,134.9,126277
2011-8-15,137.7,143,135.14,143,100128
2011-8-16,141,141,132.77,136.97,95092
2011-8-17,134.99,140.5,132.32,138.98,69609
2011-8-18,135.78,136.98,128.7,130.95,63371
2011-8-19,130.88,131,123.6,128.39,105764
2011-8-22,126.01,128.48,124.01,124.67,136356
2011-8-23,126.45,127.45,121.97,125.19,75383
2011-8-24,126.2,127.6,122.74,127.01,35415
2011-8-25,128.5,128.99,123.91,124.41,50561
2011-8-26,124.54,125.79,121.52,124.95,36092
2011-8-29,127.09,132.49,126.72,131.85,60285
2011-8-30,132.45,136.5,129.66,135,100022
2011-8-31,136.11,138.77,135.21,136.52,63816
2011-9-1,137.69,137.69,133,135.51,85719
2011-9-2,134,138.98,130.2,137.38,80579
2011-9-5,134.99,141.3,133,135.92,86554
2011-9-6,135.06,137.5,132.74,133.23,56622
2011-9-7,134.35,136.89,134.25,135,114335
2011-9-8,135.12,135.84,132.46,134.2,108978
2011-9-9,134.47,137.09,130.98,131.48,95280
2011-9-12,128.2,129,122.63,124.96,158870
2011-9-13,126,127.57,121.77,122,94701
2011-9-14,122,125.85,121.81,124.83,86613
2011-9-15,126.03,127.5,124.5,125,50329
2011-9-16,126.3,126.69,122.65,123.01,48967
2011-9-19,122.5,126.99,121.15,126,66673
2011-9-20,125.75,128.94,124.52,127.9,55105
2011-9-21,128,132.24,128,128.44,95050
2011-9-22,123,125.89,115.47,115.99,167245
2011-9-23,116,116,103.01,107.01,193816
2011-9-26,106.85,109.6,97.2,105.31,252014
2011-9-27,106.95,110,106.51,109.37,69559
2011-9-28,107.94,108.99,101.55,103.02,128931
2011-9-29,102,103.74,96.66,99.98,301950
2011-9-30,99.89,99.89,90.77,96,231806
2011-10-3,93.96,94,88.99,90.3,105493
2011-10-4,88.2,89.5,75.01,78.36,338737
2011-10-5,81.2,81.87,71.6,73.17,278646
2011-10-6,74,82.82,73.3,80.67,371041
2011-10-7,83.05,87.65,80.5,82.2,390621
2011-10-10,82.2,88,82,84.07,321446
2011-10-11,85.49,85.98,78.95,81.19,286610
2011-10-12,80.62,83.4,76.63,82.01,272858
2011-10-13,82,87.41,81.17,86.31,457110
2011-10-14,87.51,91.89,85.15,90.99,319856
2011-10-17,93.22,94.8,87.92,88.89,245294
2011-10-18,87.01,91.5,85.69,91.5,197607
2011-10-19,92.4,93.4,88.71,90,181080
2011-10-20,87.9,89.49,87.13,87.5,135688
2011-10-21,88.29,89.07,87.2,88.52,121187
2011-10-24,90,93.4,89,93.01,290052
2011-10-25,93.5,98.46,93.01,96.2,343625
2011-10-26,96.6,98.58,95.06,97.82,221955
2011-10-27,99,106.88,98.4,103.6,480604
2011-10-28,104.61,108.4,100.67,103.32,315373
2011-10-31,102.5,105.99,100.09,100.7,194165
2011-11-1,99.23,100.4,88.61,91.91,412955
2011-11-2,91.91,95.37,90.47,94.9,276359
2011-11-3,93.95,95.99,88.7,94.79,292239
2011-11-7,96.2,97.86,91.5,96.72,241893
2011-11-8,94.64,97.7,94.64,96.56,152380
2011-11-9,97.06,97.74,91.01,92.5,298514
2011-11-10,90.05,94,88.88,93.97,210098
2011-11-11,94.25,94.77,91.71,93.72,95608
2011-11-14,94.43,96.91,91.76,92.44,215123
2011-11-15,92,92.65,87.87,91.5,274260
2011-11-16,88.95,112.6,88.01,100.84,2418395
2011-11-17,102,104.49,97.7,99.52,540231
2011-11-18,98.52,100.67,96.23,99,215489
2011-11-21,98.65,98.65,93.87,94.44,200156
2011-11-22,94.97,96.45,91,93.35,263287
2011-11-23,92.15,94.94,91.19,93.5,173044
2011-11-24,92.8,94.19,92.05,92.4,92412
2011-11-25,92.38,93.16,89.21,90,190386
2011-11-28,92,93.5,90.61,93.1,247810
2011-11-29,93.5,93.97,91.66,91.9,227775
2011-11-30,91.9,94.58,90.12,93.8,526064
2011-12-1,94.95,99.67,94.52,95.58,582678
2011-12-2,96,102.19,95.33,101,548899
2011-12-5,101.6,105.5,100.11,105.29,444120
2011-12-6,105,108.49,100.23,102.74,724783
2011-12-7,104,105.8,102.21,103.94,353605
2011-12-8,104.5,105.85,102.6,103.62,223873
2011-12-9,101,104,98.38,102.45,397145
2011-12-12,103,107.4,99.59,100.89,383739
2011-12-13,99.94,103.5,99.1,102.35,374163
2011-12-14,102,103.1,98.2,99.2,304929
2011-12-15,98.39,101.42,96.55,101.41,244026
2011-12-16,101.84,102.47,100.18,100.65,159794
2011-12-19,100.09,104.66,99.99,103.9,285962
2011-12-20,104.3,106.74,103.82,106.55,394152
2011-12-21,106.65,106.65,103.01,104.99,279299
2011-12-22,104.37,104.5,103.2,103.53,215126
2011-12-23,103.6,103.6,100.74,100.81,173863
2011-12-26,100.86,102.26,100.86,102.11,153105
2011-12-27,102.2,102.65,101.32,102.08,194678
2011-12-28,100.05,102.4,100,101.06,170031
2011-12-29,101,101.6,97.29,99.7,196498
2011-12-30,99.45,99.77,98.45,99.74,132131
2012-1-3,101.49,102.02,98.11,101.46,80746
2012-1-4,102.29,102.29,100.82,101.65,38908
2012-1-5,101.9,101.95,100.04,100.7,72549
2012-1-6,100.26,101.8,99.95,101.2,71933
2012-1-9,101.01,102.47,100.67,102.47,107738
2012-1-10,102,104.2,100.55,102.55,389501
2012-1-11,102.6,103.28,100.9,102.85,332673
2012-1-12,102.6,107.8,102.1,106.66,577181
2012-1-13,106,113.8,105.58,111.6,734831
2012-1-16,110.53,118,108.25,117.98,594202
2012-1-17,118,120.9,116.33,120.02,838580
2012-1-18,119.51,120.19,117.3,118.99,486400
2012-1-19,118.63,119,112.82,115.99,610971
2012-1-20,115.93,115.93,111.5,112.94,484657
2012-1-23,112.65,115,110.55,114.85,341310
2012-1-24,114.51,114.51,112.39,112.61,156834
2012-1-25,113.3,113.9,110.11,113,290470
2012-1-26,113.1,114.51,112.83,114.23,192476
2012-1-27,113.61,113.79,111.59,112.15,104547
2012-1-30,112.2,112.47,106.65,107.01,291471
2012-1-31,107.01,108.09,105.58,106.06,220640
2012-2-1,106.24,111.5,105.61,110.65,292114
2012-2-2,111,114.19,110.52,112.68,193056
2012-2-3,113.29,113.45,111.18,113.36,112627
2012-2-6,114.6,116.97,109,111.95,289775
2012-2-7,114.5,116,110,113.06,519477
2012-2-8,113.5,114.5,111.03,111.03,216907
2012-2-9,111.2,111.51,106.86,108.49,273969
2012-2-10,108.79,109.08,107,107.21,170437
2012-2-13,111.88,117.99,108.18,117.38,436973
2012-2-14,117,119.85,115.25,116.27,444514
2012-2-15,117.2,118.47,116.04,116.37,181890
2012-2-16,115.35,122,114.62,117.96,345644
2012-2-17,119.5,119.5,114.82,115,157360
2012-2-20,116,118.89,115.6,117,193750
2012-2-21,117.45,117.72,115.29,116.13,80456
2012-2-22,116.86,116.86,113.76,114.75,72701
2012-2-24,115.42,117.24,114.77,116.55,108708
2012-2-27,116.5,118.85,116.5,117.22,112087
2012-2-28,117.22,118.75,114.98,114.98,83041
2012-2-29,121.6,121.6,113.5,114.12,137998
2012-3-1,114,114,111.85,113,93650
2012-3-2,113.47,114.7,112.7,114.13,123488
2012-3-5,115.22,115.87,113.32,113.32,107685
2012-3-6,113.02,114.19,110.5,110.74,132211
2012-3-7,110.09,112.93,110.09,111.62,78644
2012-3-11,114.05,114.43,113.25,113.6,34161
2012-3-12,113.2,113.2,110.6,111.51,70105
2012-3-13,111.95,112.42,111.5,112,66528
2012-3-14,113.25,113.59,112.59,113.14,45410
2012-3-15,113.07,118.9,112.01,118.29,258727
2012-3-16,117.73,121.12,115.51,116.62,283249
2012-3-19,117.45,119.43,115.1,116.53,97135
2012-3-20,117.54,117.8,115.25,116,119089
2012-3-21,116.09,116.65,114.01,115.05,156781
2012-3-22,113.79,115.87,112.54,112.96,108466
2012-3-23,112.98,114.99,111.33,112.95,88969
2012-3-26,113,118.6,112.9,116.72,115109
2012-3-27,117.01,117.9,115.23,115.72,62659
2012-3-28,115.83,116.37,114,114,39231
2012-3-29,113.95,113.95,108.01,109.57,167614
2012-3-30,109.9,111.28,108.1,108.86,49988
2012-4-2,109,110.67,106.6,107.96,65543
2012-4-3,108.48,111,108.3,110.45,70866
2012-4-4,109.91,110.75,106.53,106.83,35026
2012-4-5,108.04,108.08,105.06,108.08,38692
2012-4-6,110.99,110.99,98,103.6,57798
2012-4-9,103.55,103.55,100.35,102.01,86973
2012-4-10,101.97,102.25,100,100.46,28504
2012-4-11,99.98,101.32,99.98,100.35,31655
2012-4-12,100.35,103.46,100.08,103.14,62405
2012-4-13,103.95,104.6,102.76,103.14,35384
2012-4-16,102.9,103.3,101.05,101.36,33984
2012-4-17,102.17,102.18,100.51,100.94,16762
2012-4-18,101.2,101.95,101.01,101.5,12242
2012-4-19,101.82,103.49,101.1,102.98,22249
2012-4-20,102.71,105,102.52,104.38,25728
2012-4-23,102.51,102.78,100.61,101.2,24352
2012-4-24,101.22,101.69,99.2,99.8,19911
2012-4-25,100.9,102.81,96,100.42,52467
2012-4-26,100.77,100.94,97,98,30208
2012-4-27,97.93,97.93,94.92,96.1,71121
2012-4-28,95.95,98,95.95,97.55,18665
2012-5-2,97.72,100,95.51,95.7,39230
2012-5-3,95.7,97.07,93.76,94.02,21422
2012-5-4,92.85,93.51,86.58,87.24,46886
2012-5-5,87.17,88.99,83.3,88.3,47166
2012-5-7,88.01,88.01,83.5,85.19,53118
2012-5-8,85.45,87.08,82.01,83.95,37190
2012-5-10,83.5,86.49,82.47,84.5,62207
2012-5-11,83.8,83.8,82.52,82.94,25124
2012-5-12,82.5,84.63,80.7,84,28635
2012-5-14,84,84.41,77.78,78.69,85250
2012-5-15,79.23,79.33,75.55,77.12,80272
2012-5-16,76.88,76.88,72.82,73.48,202243
2012-5-17,73.39,74.78,67.02,68.78,192633
2012-5-18,66,71.31,62.3,68.24,250009
2012-5-21,69,70.82,67.6,69.25,110693
2012-5-22,71.2,71.2,67.61,69.52,106062
2012-5-23,68,68.53,64.81,65.24,68154
2012-5-24,65.4,67.33,58.24,65.7,75502
2012-5-25,65.8,70.4,65.17,69.41,194623
2012-5-28,70.56,73.87,70.56,71.57,145459
2012-5-29,72.29,75.97,71.59,74.5,130898
2012-5-30,74.07,74.07,71.53,72.7,60431
2012-5-31,72.33,74.6,70.17,71.93,90993
2012-6-1,71.77,73.49,68.51,70.57,90974
2012-6-4,69,73.64,68.25,72.02,85170
2012-6-5,72.94,75.04,72.48,74.85,76169
2012-6-6,75.14,78,74.2,76.6,107657
2012-6-7,77.48,77.77,74.86,77.35,91149
2012-6-8,75.65,75.65,73.38,73.6,102551
2012-6-9,73.49,75.61,73.49,74.62,44743
2012-6-13,74.81,76.5,74,75.4,54320
2012-6-14,75.34,75.9,74.06,75.1,41499
2012-6-15,75.25,79.9,75.25,79.2,168046
2012-6-18,80,82,78.72,81.3,120648
2012-6-19,81.98,81.98,78.01,78.9,177761
2012-6-20,79.19,79.27,74.69,75.23,191372
2012-6-21,74,77.91,72.5,73.97,287559
2012-6-22,71.5,73.09,71.01,71.76,148524
2012-6-25,71.16,73,70.5,71.98,73786
2012-6-26,71.82,72.9,70.75,70.8,100656
2012-6-27,71.38,71.73,70.53,71.4,83738
2012-6-28,74.66,74.66,70.06,70.34,123997
2012-6-29,71.99,75.94,71.31,74.67,167716
2012-7-2,74.64,76.85,73,74.46,129528
2012-7-3,74.95,81,74.89,80.69,336369
2012-7-4,80.9,84.9,79.55,82.12,240465
2012-7-5,82.02,85.1,80.17,82.77,279336
2012-7-6,81.84,83.95,80.61,82,120009
2012-7-9,82,83,81.25,82.9,96286
2012-7-10,82.53,87.49,81.9,86.14,291380
2012-7-11,86,88.48,85.1,85.33,184734
2012-7-12,85,85,81.55,81.7,188758
2012-7-13,82,84.3,82,83,69678
2012-7-16,83.34,86.3,83.1,84.74,110636
2012-7-17,85.01,86.65,81.86,82.04,144877
2012-7-18,82,83.6,80.1,80.36,132014
2012-7-19,81,81.8,80.4,80.8,95497
2012-7-20,80.81,80.81,78.75,79.95,67027
2012-7-23,79.03,79.03,76.81,77.33,93577
2012-7-24,77.05,79.4,76.21,78.35,94016
2012-7-25,77.75,80.5,77,79.51,86368
2012-7-26,79.95,82.3,78.55,82,94396
2012-7-27,82.5,83.49,81.11,82.87,91888
2012-7-30,82.7,83.43,81.86,82.9,58144
2012-7-31,82.89,82.89,80.01,80.5,84796
2012-8-1,80.1,81.44,77.75,78.21,127877
2012-8-2,78.63,80,75.55,76.87,201105
2012-8-3,76.89,78,76.51,77.82,111342
2012-8-6,78.6,78.85,77.13,78.15,128813
2012-8-7,78.2,79.45,77.5,78.99,154148
2012-8-8,78.11,79,76.75,77.5,198184
2012-8-9,78.08,78.77,76.68,77.63,136955
2012-8-10,77.12,77.3,76.25,76.82,76706
2012-8-13,77.16,78.39,76.9,77.15,99935
2012-8-14,77.33,77.86,76.8,77.34,63129
2012-8-15,76.82,76.98,75.2,76.22,88585
2012-8-16,76.54,77.34,75.75,76.46,57150
2012-8-17,77.35,77.45,76.01,76.3,33052
2012-8-20,76.5,77.84,75.78,76,109555
2012-8-21,76.25,77.18,76.2,76.8,44393
2012-8-22,76.48,76.48,75.25,75.87,40179
2012-8-23,76.3,77.26,75.51,75.86,78297
2012-8-24,75.5,75.73,74.91,75.31,49977
2012-8-27,75.29,75.89,74.2,74.5,44166
2012-8-28,74.42,75.14,73,73.71,64773
2012-8-29,73.96,74,70.9,71.02,82506
2012-8-30,71.18,71.88,70.2,70.8,64659
2012-8-31,70.9,71.9,70.3,71.65,32846
2012-9-3,71.96,72.99,71.6,72.16,62678
2012-9-4,72.73,72.73,70.56,71.09,37208
2012-9-5,70.51,71.3,70.32,71.02,26857
2012-9-6,71.29,74.31,71.09,73.6,109045
2012-9-7,73.98,75.65,73.98,75.07,179533
2012-9-10,75.06,76.51,74.35,75.63,91345
2012-9-11,74.95,75.35,74.01,74.98,77645
2012-9-12,75.3,76.39,74.98,75.05,110128
2012-9-13,74.91,75.22,73.36,74.01,70405
2012-9-14,75.51,82.64,75.51,81,462102
2012-9-17,80.78,82.38,79.26,81.4,180037
2012-9-18,81.59,81.59,79.77,80.7,152717
2012-9-19,80.82,82.21,76.81,80,216838
2012-9-20,79.44,80.2,77.51,79.91,77514
2012-9-21,80.5,82.48,79.12,81,162889
2012-9-24,80.31,80.5,78.18,78.5,87800
2012-9-25,79,79.3,78.02,78.5,51248
2012-9-26,77.64,77.7,75,76.1,120200
2012-9-27,76.4,83.83,75.77,83.83,435673
2012-9-28,84.03,85.1,81.21,84.5,282816
2012-10-1,81.45,85.38,81.45,85.13,163710
2012-10-2,84.32,84.74,82.51,83,80370
2012-10-3,82.51,82.9,81.12,81.33,70972
2012-10-4,82.58,90.96,78.2,79.21,1058387
2012-10-5,80,80.93,76.35,77.5,287007
2012-10-8,77.57,77.57,75.5,75.99,140202
2012-10-9,76.1,76.86,74.03,74.1,207295
2012-10-10,73.47,73.6,72.32,73.35,138729
2012-10-11,73.08,74.97,73.01,74.11,177357
2012-10-12,74.2,74.5,72.1,72.4,90194
2012-10-15,72.4,72.7,70.13,70.5,164850
2012-10-16,73.1,73.1,68.3,70.39,225828
2012-10-17,69.86,71.4,69.77,70.75,254124
2012-10-18,71.23,71.71,69.54,70.01,215645
2012-10-19,70.5,70.5,68.75,68.81,78000
2012-10-22,68.29,69.44,67.06,67.73,276528
2012-10-23,67.96,67.96,64.81,65.3,289099
2012-10-24,65.79,65.94,63.63,64.75,193859
2012-10-25,65,67.05,63.3,64,312230
2012-10-26,63.7,63.7,61.37,61.98,285037
2012-10-29,57.01,62.39,57.01,60.25,386064
2012-10-30,60.25,62.37,59.62,61,237601
2012-10-31,61.3,63.2,61.25,61.67,273088
2012-11-1,62.14,63.9,60.93,63.33,159547
2012-11-2,64,64.83,62.61,64.51,127674
2012-11-6,64.59,65.45,64.01,64.41,103144
2012-11-7,65,65.33,62.28,62.5,108098
2012-11-8,61.99,62.19,60.42,60.96,125774
2012-11-9,60.39,61.31,59.8,60.75,58820
2012-11-12,60.85,61.7,60.53,61.51,80729
2012-11-13,60.84,60.95,59.1,59.51,99402
2012-11-14,59.47,60.04,57.5,58.56,110875
2012-11-15,58.18,60,57.72,59.66,118883
2012-11-16,59.52,60.5,58.62,59.91,81173
2012-11-19,60.35,61.44,60.08,61.23,113420
2012-11-20,61.25,62.3,60.82,61.58,126774
2012-11-21,61.25,61.99,60.5,61.39,100327
2012-11-22,61.87,61.94,61.09,61.19,39832
2012-11-23,61.62,62.89,61.18,62.38,107687
2012-11-26,63.24,63.24,61.62,61.94,60533
2012-11-27,62,62.86,60.51,60.95,62292
2012-11-28,60.38,60.77,59.8,60.17,53449
2012-11-29,61.32,62.52,60.5,60.74,40874
2012-11-30,60.94,62.5,60.35,61.9,181077
2012-12-3,62,62.48,61.07,61.6,61199
2012-12-4,61.48,61.48,60.67,60.94,58376
2012-12-5,61.07,62.5,60.9,61.4,91779
2012-12-6,61.3,61.62,60.53,60.71,103846
2012-12-7,60.6,61.15,59.9,60.45,73489
2012-12-10,60.58,60.88,60.06,60.49,53608
2012-12-11,60.47,61.29,60.14,61,114931
2012-12-12,61.1,61.7,61,61.2,70203
2012-12-13,61.31,62.43,60.71,61.07,165858
2012-12-14,60.8,62.12,60.8,61.5,74788
2012-12-17,61.99,61.99,60.88,61.19,139758
2012-12-18,61.8,62.36,61.2,62,115246
2012-12-19,62.38,62.95,61.61,61.9,164699
2012-12-20,61.53,61.78,60.71,61.04,112482
2012-12-21,60.73,60.9,58.6,59,217165
2012-12-24,59.4,59.6,58.02,58.84,110968
2012-12-25,58.84,59.38,58.63,58.82,51890
2012-12-26,59,59.34,58.71,59.2,31527
2012-12-27,59.76,59.76,58.17,58.35,110866
2012-12-28,66.95,66.95,57.7,58,87556
2013-1-8,59.63,60.9,58.92,60.55,125192
2013-1-9,60.23,61.94,60.1,61.85,180880
2013-1-10,62,65.27,61.3,64.67,550357
2013-1-11,65,67.55,64.85,65.65,384355
2013-1-14,65.9,67.25,65.66,66.5,280299
2013-1-15,67.05,69.1,66.09,68.38,702713
2013-1-16,67.91,69.5,67.6,69.1,407413
2013-1-17,68.88,69.9,68.81,69.19,264560
2013-1-18,69.6,69.9,68.1,68.7,242241
2013-1-21,68.88,69.25,68.1,68.67,135075
2013-1-22,68.71,68.71,67.25,67.7,221475
2013-1-23,67.54,67.95,66.5,67.28,245704
2013-1-24,66.44,67.03,66.28,66.5,136510
2013-1-25,66.17,66.65,65.61,66.4,145101
2013-1-28,66.91,68.75,66.13,68.23,272879
2013-1-29,68.71,69.12,66.5,66.87,198215
2013-1-30,67.13,67.99,65.1,65.43,181434
2013-1-31,65.42,66.7,64.7,65.5,126966
2013-2-1,65.86,67.3,65.56,67.16,167828
2013-2-4,68,68.15,66.48,67.01,104781
2013-2-5,66.88,67.48,66.48,67.06,77000
2013-2-6,66.66,67.59,65.82,65.9,103644
2013-2-7,65.9,66.27,64.94,65.4,78440
2013-2-8,64.76,65.74,63.81,64.37,186385
2013-2-11,64.7,65.88,63.91,64.85,100920
2013-2-12,64.53,65.25,64.11,64.11,109008
2013-2-13,63.98,66.67,63.98,65.83,74722
2013-2-14,66.65,67.49,65,65,199892
2013-2-15,65.13,66.2,64.35,65.74,123689
2013-2-18,65.97,66.79,65.02,65.33,53857
2013-2-19,64.89,66.42,64.89,66.42,95909
2013-2-20,66.29,66.75,65.07,65.07,35469
2013-2-21,64.5,64.5,63,63.25,105224
2013-2-22,63.15,64.45,63.11,63.8,58279
2013-2-25,64.05,64.8,63.5,63.9,78186
2013-2-26,63,63.44,61.47,63.21,40336
2013-2-27,63.86,64.98,63,64.17,91015
2013-2-28,64.76,64.97,63.13,63.42,45233
2013-3-1,63.53,63.67,62.3,63.01,38375
2013-3-4,63.2,63.25,61.5,62,61380
2013-3-5,62.7,64.5,62.26,63.74,40241
2013-3-6,64.16,64.4,63.26,63.6,32507
2013-3-7,64,64.84,63.36,63.9,70600
2013-3-11,64.2,65.55,64.2,64.92,58734
2013-3-12,63.25,65.2,63.25,64.12,39998
2013-3-13,64.31,65.07,63.53,64.99,95606
2013-3-14,64.85,67.3,64.77,67.1,157400
2013-3-15,67.15,68.73,66.25,68.51,303554
2013-3-18,66.55,66.95,65.02,65.6,245759
2013-3-19,65.7,66.97,65.44,65.75,58788
2013-3-20,66.39,66.39,64.36,65.33,61445
2013-3-21,65.85,65.9,64.04,64.17,39716
2013-3-22,63.62,63.88,61.57,61.81,170354
2013-3-25,62.5,62.92,58.17,60.3,241393
2013-3-26,60.65,60.94,58,58.55,173026
2013-3-27,58.97,59.68,58.6,59.13,42349
2013-3-28,58.95,60.43,58.2,59.78,78940
2013-3-29,60.25,60.37,57.61,58.48,114924
2013-4-1,58.48,58.48,57.21,57.5,75039
2013-4-2,57.66,58.2,54.75,54.82,147323
2013-4-3,54.55,54.97,51.41,51.51,229296
2013-4-4,50.01,51.39,48.63,50.6,292340
2013-4-5,50.9,51.88,48.72,49.55,139747
2013-4-8,50.01,50.22,47.01,47.4,116737
2013-4-9,47.77,47.97,45.12,46.1,195430
2013-4-10,44.11,47.69,44.11,47.06,161623
2013-4-11,47.77,48.37,44.41,44.7,181697
2013-4-12,44.5,44.5,41.31,42.2,228863
2013-4-15,42.02,42.19,38.21,40.58,232021
2013-4-16,39.26,42.37,39.26,41.99,104465
2013-4-17,41.83,42.45,40.01,40.66,63262
2013-4-18,40.11,41.41,40.1,40.33,52705
2013-4-19,40.37,41.28,40.31,40.69,66792
2013-4-22,41.03,41.6,39.12,39.99,53898
2013-4-23,39.86,42.11,39.07,41.74,85590
2013-4-24,42,44.87,41.84,44.61,212625
2013-4-25,44.7,47.49,44.61,45.8,106736
2013-4-26,45.45,46,43.7,44.35,83618
2013-4-29,44.33,46.1,42.66,46.02,61074
2013-4-30,45.95,47.15,45,45.8,116461
2013-5-2,45.43,46.89,44.64,46.2,42531
2013-5-3,46.09,47.62,46.09,46.34,46410
2013-5-6,46.51,47.49,46.2,46.52,51968
2013-5-7,47,47,45.67,46.15,73989
2013-5-8,46.17,46.34,44.5,44.98,76473
2013-5-10,45.12,45.99,45.08,45.79,30656
2013-5-13,45.69,45.99,43.5,43.62,145241
2013-5-14,43.44,44.25,42.71,43.11,193655
2013-5-15,43.41,43.43,40.68,40.92,137853
2013-5-16,40.95,41.4,38.82,39.98,190529
2013-5-17,40.05,41.4,39.58,40.8,86607
2013-5-20,41.05,42.2,40.18,40.73,77921
2013-5-21,40.24,41.75,40.16,41.01,134793
2013-5-22,41.38,42.19,40.82,41.31,232208
2013-5-23,40.7,40.71,38.8,39.53,166375
2013-5-24,39.95,39.99,39.12,39.8,68014
2013-5-27,40,40.7,39.81,40.04,62273
2013-5-28,40.12,40.67,39.94,40.44,86750
2013-5-29,40.4,40.4,38.8,38.9,133023
2013-5-30,38.75,38.83,37.55,37.75,172637
2013-5-31,37.78,38.1,36.31,37,143180
2013-6-3,36,36.68,35.74,36.1,90241
2013-6-4,36.5,37.19,35.54,35.9,137671
2013-6-5,35.56,35.56,33.86,34,169276
2013-6-6,33.31,34.23,33.03,33.43,104037
2013-6-7,36.75,36.75,34,35.36,88509
2013-6-10,35.94,36.52,33.7,34.85,198191
2013-6-11,35,35.97,33.63,34.08,146780
2013-6-13,33.18,34.41,32.27,34.41,115207
2013-6-14,34.95,35,33.8,34.06,103275
2013-6-17,34.15,35.48,34,34.27,148779
2013-6-18,34.26,34.45,33.49,34.14,210100
2013-6-19,34.82,34.82,33.37,33.54,134201
2013-6-20,32.79,33.4,32.29,32.6,141612
2013-6-21,32.27,33.4,32.27,32.72,100798
2013-6-24,32.55,32.95,32.06,32.35,98198
2013-6-25,32.07,33.08,31.77,32.04,256921
2013-6-26,32.05,32.23,31.8,31.94,120271
2013-6-27,32.33,32.42,30.38,30.75,270903
2013-6-28,30.95,31.05,30.2,30.64,182329
2013-7-1,30.62,30.87,30.3,30.73,94946
2013-7-2,30.71,32.3,30.52,31.87,244126
2013-7-3,31.68,32.17,31.42,31.48,156761
2013-7-4,31.83,33.23,31.61,32.84,265315
2013-7-5,32.97,36.07,32.8,34.35,621608
2013-7-8,34.5,36.3,34.42,36.2,361780
2013-7-9,36.33,36.79,35.01,35.45,288575
2013-7-10,35.03,35.44,34.05,34.21,147468
2013-7-11,34.59,35.33,34.51,34.73,246806
2013-7-12,34.87,34.87,33.85,34.26,206840
2013-7-15,33.88,34.69,33.75,33.98,129755
2013-7-16,33.66,34.12,33.35,33.75,150108
2013-7-17,33.65,35.35,33.64,35.09,233608
2013-7-18,34.9,35.78,34.07,34.73,226330
2013-7-19,34.51,34.92,34.1,34.44,150237
2013-7-22,34.6,34.79,33.59,33.75,146423
2013-7-23,33.93,34.61,33.22,33.44,210061
2013-7-24,33.55,34.05,32.52,32.65,212761
2013-7-25,32.81,32.87,31.88,31.92,174540
2013-7-26,32.32,32.4,31.9,32.19,84112
2013-7-29,35.65,35.65,32.06,32.57,126227
2013-7-30,32.89,33.25,32.46,32.7,174621
2013-7-31,32.8,32.88,31.96,32.02,163469
2013-8-1,32.15,32.92,32.05,32.71,169844
2013-8-2,32.97,33.15,32.26,32.45,82915
2013-8-5,32.53,32.79,31.56,32.15,139622
2013-8-6,32.1,32.1,31.2,31.2,84985
2013-8-7,30.98,31.5,30.82,31.26,70629
2013-8-8,31.32,31.6,31.07,31.24,50311
2013-8-9,31.45,32.23,31.22,32.02,183803
2013-8-12,32.15,32.87,31.51,32.18,189847
2013-8-13,32.65,32.89,32.29,32.49,229540
2013-8-14,32.45,32.7,31.82,31.94,208161
2013-8-15,31.81,32.1,31.16,31.2,143980
2013-8-16,31.2,31.75,31.05,31.11,143566
2013-8-19,31.16,31.27,30.37,30.92,128772
2013-8-20,30.61,30.87,30.36,30.65,115779
2013-8-21,30.65,30.81,30.01,30.15,109200
2013-8-22,30.18,30.5,29.52,30.5,225364
2013-8-23,34.63,34.63,30.35,31.21,589365
2013-8-26,31.4,31.88,30.48,31.01,143425
2013-8-27,31,31,30.15,30.37,132352
2013-8-28,30.37,30.37,29.87,30.12,87432
2013-8-29,30.25,30.67,30.02,30.22,65095
2013-8-30,30.22,30.34,28.9,28.99,131113
2013-9-2,28.76,29.67,28.37,28.75,89639
2013-9-3,29.62,29.62,28.61,29.16,101173
2013-9-4,29.02,29.19,28.81,28.96,30207
2013-9-5,29.2,29.71,28.91,29.69,128956
2013-9-6,29.86,29.95,29.15,29.21,133675
2013-9-9,29.41,29.82,29.35,29.38,117376
2013-9-10,29.65,32.2,29.38,32.2,721418
2013-9-11,32.25,33.87,31.64,32.15,509347
2013-9-12,32.1,33.24,32,32.53,283431
2013-9-13,32.32,32.7,31.53,31.87,171852
2013-9-16,32.1,32.5,32,32.29,129558
2013-9-17,32.1,32.1,31.7,31.95,86107
2013-9-18,32.03,33.68,31.6,32.8,331352
2013-9-19,34.01,34.5,32.86,33.18,264310
2013-9-20,33.04,33.22,32.3,32.67,152671
2013-9-23,32.2,32.9,32.19,32.34,172148
2013-9-24,32.49,33.33,32.16,32.97,134284
2013-9-25,33.15,33.77,32.82,33.44,179414
2013-9-26,33.51,33.77,32.68,33.16,134999
2013-9-27,32.91,33.31,32.07,32.11,113906
2013-9-30,31.9,31.95,30.89,31.2,180963
2013-10-1,31.81,31.81,30.61,31.14,108748
2013-10-2,31,31.79,30.91,31.35,176083
2013-10-3,31.51,31.85,31.3,31.5,75829
2013-10-4,31.36,31.99,31.11,31.89,142786
2013-10-7,31.79,31.83,31.34,31.6,45288
2013-10-8,31.59,32.49,31.54,32.49,153719
2013-10-9,32.52,32.52,31.95,31.98,101575
2013-10-10,31.71,32.38,31.6,31.96,149745
2013-10-11,32.09,32.47,31.7,31.7,68590
2013-10-14,31.69,32.27,31.51,31.82,107703
2013-10-15,32.09,32.38,31.95,32.3,136763
2013-10-16,32.08,32.34,31.75,32.2,109392
2013-10-17,32.31,32.31,31.8,31.88,142639
2013-10-18,32.01,32.14,31.9,32.05,59820
2013-10-21,32.01,32.3,31.85,32,69053
2013-10-22,31.93,32.09,31.84,31.89,61716
2013-10-23,31.75,32,31.16,31.21,158066
2013-10-24,31.12,31.33,30.81,31.01,91188
2013-10-25,31.7,31.7,30.64,30.98,83703
2013-10-28,30.71,31.11,30.71,31.03,39733
2013-10-29,31.76,31.76,30.59,30.9,95049
2013-10-30,30.78,31.11,30.7,30.88,60290
2013-10-31,31.43,31.43,30.35,30.67,52659
2013-11-1,30.53,30.94,30.36,30.5,46952
2013-11-5,30.6,30.88,30.41,30.41,69506
2013-11-6,30.6,30.66,30.31,30.47,29268
2013-11-7,30.44,30.86,30.27,30.57,86258
2013-11-8,30.35,30.39,29.63,29.8,140579
2013-11-11,30.03,30.03,29.49,29.63,64831
2013-11-12,30.38,30.38,28.8,29.07,237870
2013-11-13,28.95,28.95,24.5,26.49,350110
2013-11-14,26.81,27.83,26.53,27.29,289235
2013-11-15,27.7,28.13,27.31,27.55,164169
2013-11-18,27.79,28.12,27.63,27.87,154495
2013-11-19,27.75,27.77,27.38,27.55,69126
2013-11-20,28.35,28.35,26.67,27.3,157121
2013-11-21,27.03,27.2,26.67,26.83,98686
2013-11-22,27,27,26.71,26.82,68603
2013-11-25,27,27,25.75,26.33,123764
2013-11-26,27.99,27.99,25.76,25.9,133966
2013-11-27,26.83,26.83,25.1,25.24,210857
2013-11-28,25.48,25.48,24.72,25.02,179315
2013-11-29,25.05,27.88,24.87,26.7,306419
2013-12-2,26.95,27.29,26.02,26.1,156977
2013-12-3,26.03,26.03,25.21,25.21,235618
2013-12-4,25.23,27,24.2,25.65,291028
2013-12-5,26.2,26.41,25.46,26.05,275730
2013-12-6,25.63,27.34,25.63,26.97,344465
2013-12-9,27.1,27.64,26.85,27.25,181189
2013-12-10,26.29,28.37,26.29,28.1,387885
2013-12-11,27.81,28.3,27.27,27.4,166079
2013-12-12,27,27.37,26.6,26.77,183585
2013-12-13,26.73,27.01,26.71,26.88,70897
2013-12-16,26.74,27.41,26.66,27.38,110600
2013-12-17,27.4,28.06,27.4,27.5,148128
2013-12-18,27.5,27.75,27.16,27.67,127907
2013-12-19,28,28.29,27.7,27.78,172501
2013-12-20,28.08,28.08,27.38,27.6,115187
2013-12-23,27.81,28.27,27.5,28.05,193874
2013-12-24,27.99,29.75,27.99,29.6,556914
2013-12-25,29.76,32.2,29.3,31.04,1221144
2013-12-26,30.41,32.73,30.41,32.11,1043493
2013-12-27,32.32,32.9,30.75,31.2,690053
2013-12-30,30.75,31.09,29.6,30.21,400546
2014-1-6,30.52,31.8,29.7,30.33,385974
2014-1-8,30.95,30.98,29.93,30.15,278347
2014-1-9,30.17,30.7,29.79,30.1,173257
2014-1-10,30.26,30.74,29.87,30.35,231378
2014-1-13,30.36,30.72,30.21,30.45,110599
2014-1-14,30.4,31.93,29.98,31.75,425282
2014-1-15,32,32.44,31.84,31.87,289812
2014-1-16,31.22,32.18,31.22,31.3,224411
2014-1-17,31.18,31.95,31.1,31.39,197902
2014-1-20,31.39,31.78,31.21,31.41,171749
2014-1-21,31.55,31.66,31.17,31.37,119323
2014-1-22,31.34,31.55,31.07,31.27,94078
2014-1-23,31.19,32.15,31.15,31.86,231621
2014-1-24,31.5,31.98,31.21,31.36,126604
2014-1-27,31.02,31.69,30.51,31.18,217384
2014-1-28,30.68,31.86,30.68,31.09,97616
2014-1-29,31.34,31.84,30.82,30.89,137959
2014-1-30,30.75,31.19,29.71,30.38,196305
2014-1-31,30.51,30.55,29.74,30,156233
2014-2-3,29.9,31,29.9,30.29,176787
2014-2-4,30.21,30.51,29.57,30.41,151406
2014-2-5,30.57,30.91,30.31,30.55,116860
2014-2-6,30.55,30.97,30.5,30.59,91432
2014-2-7,30.79,31.99,30.7,31.94,310429
2014-2-10,32.2,32.2,31.52,31.8,160454
2014-2-11,31.46,32.09,31.19,31.3,188992
2014-2-12,31.72,31.74,31.17,31.35,144728
2014-2-13,31.16,31.28,30.41,30.46,142990
2014-2-14,31.15,31.15,30.56,31,124055
2014-2-17,31.11,31.39,30.92,31.27,118643
2014-2-18,30.86,31.48,29.27,29.88,328346
2014-2-19,30,30.4,28.87,29,351800
2014-2-20,28.88,29.96,27.86,29.78,412660
2014-2-21,29.79,30.2,29.13,29.29,155340
2014-2-24,29.98,29.98,29.08,29.29,73534
2014-2-25,29.54,29.88,28.59,28.85,143737
2014-2-26,29,29.14,28.22,28.54,121261
2014-2-27,28.55,28.62,26.57,27,495379
2014-2-28,26.89,27.3,24.28,24.9,1254234
2014-3-3,23.06,23.5,18.7,19.5,1344797
2014-3-4,20,20.98,20,20.6,769999
2014-3-5,20.7,21.4,19.8,20.55,654020
2014-3-6,20.61,20.97,19.5,20.3,795510
2014-3-7,20.35,21.14,20.22,20.51,274081
2014-3-11,20.6,20.62,19,19.15,366328
2014-3-12,19,19.08,18.05,18.15,576549
2014-3-13,18.3,18.68,17.31,17.55,407796
2014-3-14,17,17,15.63,16.5,710738
2014-3-17,16.47,18.82,16.47,18.78,564911
2014-3-18,19.64,20.49,18.5,20,782878
2014-3-19,20.26,20.75,19.21,19.55,709852
2014-3-20,19.2,19.5,18.81,19.01,515817
2014-3-21,18.24,18.86,17.9,18.58,901149
2014-3-24,18.16,20.39,18.16,19.47,682200
2014-3-25,19.41,20.7,19.13,20.13,826015
2014-3-26,20.22,21.4,20.22,20.61,636421
2014-3-27,20.53,20.75,19.39,19.54,540445
2014-3-28,19.75,19.9,19.25,19.5,235716
2014-3-31,19.38,20.29,19.3,20.21,198932
2014-4-1,20.31,20.42,19.84,20.02,179610
2014-4-2,20.09,20.09,19.54,19.7,180189
2014-4-3,19.75,19.93,19.41,19.44,110294
2014-4-4,19.5,19.98,19.5,19.97,183746
2014-4-7,19.99,20.04,18.73,19.08,282982
2014-4-8,19.03,19.17,18.6,19.05,172542
2014-4-9,19.05,19.39,18.9,19.11,147026
2014-4-10,19.22,19.5,19.18,19.35,122392
2014-4-11,19.2,19.39,18.61,19.11,147801
2014-4-14,18.98,19.2,18.71,19.14,121302
2014-4-15,18.99,19.49,18.11,18.22,212514
2014-4-16,18.25,18.65,18.1,18.63,219058
2014-4-17,18.66,18.98,18.36,18.69,178917
2014-4-18,19.02,19.34,18.8,18.88,145034
2014-4-21,19.29,19.29,18.52,18.74,97136
2014-4-22,18.8,18.83,18.4,18.58,66991
2014-4-23,18.49,18.61,18.25,18.34,80806
2014-4-24,18.5,18.5,17.56,17.76,255516
2014-4-25,17.84,17.84,17.15,17.18,146925
2014-4-28,17.05,17.91,16.55,17.72,259795
2014-4-29,17.9,18.17,17.57,17.66,120064
2014-4-30,17.84,17.84,17.23,17.35,105994
2014-5-2,17.25,17.39,16.85,17.1,70422
2014-5-5,16.9,18.32,16.89,18.06,323782
2014-5-6,18.33,18.77,18.04,18.5,266799
2014-5-7,18.29,19.11,18.22,18.81,255646
2014-5-8,17.88,19.3,17.88,18.71,176069
2014-5-12,18.7,19.05,18.44,18.94,152000
2014-5-13,19.05,19.85,18.84,19.5,222248
2014-5-14,19.75,19.84,19.15,19.67,131593
2014-5-15,19.6,20.8,19.44,19.47,354837
2014-5-16,19.31,19.91,19.04,19.49,215214
2014-5-19,19.6,20.19,19.53,19.94,150639
2014-5-20,19.99,20.21,19.53,19.93,141625
2014-5-21,19.9,20.2,19.67,19.9,89318
2014-5-22,19.97,20.17,19.83,19.9,82968
2014-5-23,20.06,21.2,19.84,20.88,316951
2014-5-26,20.74,23.42,20.7,23,646529
2014-5-27,23.03,23.79,22.35,22.4,665065
2014-5-28,22.47,22.96,21.86,22.49,271006
2014-5-29,22.5,22.91,22.16,22.55,237351
2014-5-30,22.58,22.97,21,21,390363
2014-6-2,21.06,22.05,21.06,21.65,223539
2014-6-3,21.65,21.96,21.42,21.8,129771
2014-6-4,21.83,21.94,21.42,21.75,106687
2014-6-5,21.77,21.85,21.11,21.24,133354
2014-6-6,21.31,21.55,20.6,21.29,167516
2014-6-9,21.35,21.75,20.91,20.98,183858
2014-6-10,20.99,21.2,20.71,20.93,83427
2014-6-11,20.94,21.17,20.61,20.83,110502
2014-6-16,20.1,20.7,20.04,20.41,151888
2014-6-17,20.32,20.85,20.1,20.15,165399
2014-6-18,20.22,20.61,20.18,20.45,83700
2014-6-19,20.66,21.29,20.28,20.3,263712
2014-6-20,20.4,20.56,20.02,20.1,137039
2014-6-23,20.11,20.37,19.7,19.93,201553
2014-6-24,20,20.38,19.97,20.16,241211
2014-6-25,20.02,20.2,19.5,19.7,157154
2014-6-26,19.8,20,19.63,19.65,132568
2014-6-27,19.7,19.97,19.6,19.7,118598
2014-6-30,19.79,19.85,19.6,19.62,76851
2014-7-1,19.7,19.72,19.26,19.4,161790
2014-7-2,19.5,19.52,18.89,19,433820
2014-7-3,19.42,19.42,19,19.02,156626
2014-7-4,19.13,20.58,19.05,19.8,667564
2014-7-7,19.8,20.42,19.71,20.13,242058
2014-7-8,20,20.33,19.74,19.78,200569
2014-7-9,19.58,19.95,19.41,19.45,137458
2014-7-10,19.5,19.62,18.77,19.1,249931
2014-7-11,19.59,19.59,18.75,18.93,165075
2014-7-14,19.8,19.8,18.92,19.03,123059
2014-7-15,19.05,19.6,18.92,19.3,173459
2014-7-16,19.35,19.56,19.11,19.2,130971
2014-7-17,19.08,19.08,18.66,18.92,143388
2014-7-18,18.71,20.15,18.1,19.91,406841
2014-7-21,20.97,20.97,18.4,18.63,386463
2014-7-22,18.73,19.03,18.53,18.74,235696
2014-7-23,18.76,18.86,18.15,18.35,278043
2014-7-24,18.13,19.17,17.85,18.96,361079
2014-7-25,18.8,19.07,18.36,18.44,152592
2014-7-28,18.17,18.26,17.57,17.87,226462
2014-7-29,17.87,18.17,17.68,18.03,123518
2014-7-30,18.02,18.47,17.78,18.24,107488
2014-7-31,18.2,18.45,17.97,18.04,106832
2014-8-1,18.02,18.02,17.52,17.88,157678
2014-8-4,17.84,18.2,17.8,17.93,107391
2014-8-5,18,18.13,17.58,17.65,76657
2014-8-6,17.51,17.58,17.1,17.22,175780
2014-8-7,17.68,17.68,16.59,16.98,171852
2014-8-8,16.84,17.78,16.77,17.73,247058
2014-8-11,17.8,18.25,17.8,18.2,108600
2014-8-12,16.55,19.68,16.55,18.2,692326
2014-8-13,18.21,18.75,17.99,18.52,185554
2014-8-14,18.51,18.71,18.31,18.52,78782
2014-8-15,18.55,18.8,18.26,18.6,161560
2014-8-18,17.26,18.95,17.26,18.43,93396
2014-8-19,18.56,18.84,18.44,18.65,88139
2014-8-20,18.72,19.3,18.58,19.06,241463
2014-8-21,19.07,19.57,19.01,19.02,316889
2014-8-22,19.04,19.15,18.65,18.84,152761
2014-8-25,18.89,19.49,18.8,19.18,128470
2014-8-26,19.27,19.3,18.72,18.9,188989
2014-8-27,19.44,19.44,18.81,18.83,41523
2014-8-28,18.64,18.85,18.28,18.45,124583
2014-8-29,18.48,18.7,18.24,18.32,73737
2014-9-1,18.57,18.58,18,18.15,96519
2014-9-2,18.19,18.39,17.74,18.3,140062
2014-9-3,18.25,18.94,18.25,18.93,149667
2014-9-4,18.94,19.12,18.55,18.85,108549
2014-9-5,18.41,19.22,18.41,19,133178
2014-9-8,18.99,19.07,18.75,18.85,88871
2014-9-9,18.82,19.25,18.79,19.01,92410
2014-9-10,18.99,19.15,18.79,18.89,55305
2014-9-11,18.94,19.07,18.34,18.34,174058
2014-9-12,18.34,18.63,18.08,18.52,102602
2014-9-15,18.65,18.73,18.24,18.36,56233
2014-9-16,18.4,18.68,18.32,18.56,90826
2014-9-17,18.66,18.66,17.62,18.1,296909
2014-9-18,18.1,18.63,18.1,18.24,102776
2014-9-19,18.3,18.31,17.9,18.25,112978
2014-9-22,18.2,18.28,18.07,18.12,42345
2014-9-23,18.15,18.3,17.72,17.9,91508
2014-9-24,18.05,18.13,17.05,17.33,418351
2014-9-25,17.36,17.91,17.06,17.4,207945
2014-9-26,17.3,17.6,17.14,17.32,74187
2014-9-29,17.39,17.41,16.95,17.01,128700
2014-9-30,17.12,18,16.96,17.41,306572
2014-10-1,17.4,17.49,17.09,17.3,105091
2014-10-2,17.2,17.41,17.05,17.15,60450
2014-10-3,17.05,17.27,16.89,16.91,145011
2014-10-6,16.97,17.24,16.96,17.1,108305
2014-10-7,17.09,17.16,16.88,16.98,64466
2014-10-8,16.98,17,16.72,16.95,60274
2014-10-9,17.01,17.19,16.79,16.88,90814
2014-10-10,16.75,16.8,16.28,16.39,150552
2014-10-13,16.4,16.59,16.07,16.18,254680
2014-10-14,16.17,16.4,16.11,16.25,72020
2014-10-15,16.25,16.32,15.8,16,157961
2014-10-16,16,16.11,15.47,15.61,191012
2014-10-17,15.71,15.98,15.62,15.95,134800
2014-10-20,15.94,16.55,15.91,16.08,144100
2014-10-21,16.09,16.17,15.88,16.1,55833
2014-10-22,16.54,16.54,16,16.12,52470
2014-10-23,16.12,16.12,15.7,15.84,83905
2014-10-24,15.51,15.8,15.43,15.63,60280
2014-10-27,15.81,16.07,15.81,15.94,76721
2014-10-28,16,16.43,15.92,16.17,111776
2014-10-29,16.19,17.71,16.19,17.71,341830
2014-10-30,18,18.22,17,17.38,326664
2014-10-31,17.81,17.94,17.27,17.4,150703
2014-11-3,17.4,18.17,17.1,17.9,153765
2014-11-5,17.71,19.09,17.52,18.96,421723
2014-11-6,19.24,19.77,18.75,18.84,401694
2014-11-7,18.83,18.97,18.21,18.94,320152
2014-11-10,19,19.49,18.97,19.23,143856
2014-11-11,19.3,19.35,18.75,18.87,149802
2014-11-12,18.99,19.2,18.61,19.1,157777
2014-11-13,19.1,19.75,18.65,18.8,267332
2014-11-14,18.6,18.94,18.35,18.52,148872
2014-11-17,18.61,18.88,18.07,18.49,154722
2014-11-18,18.56,19.78,18.33,19.78,232283
2014-11-19,19.86,21.95,19.62,21.79,495551
2014-11-20,21.97,22.69,20.63,21.35,479976
2014-11-21,21.48,23.98,21.26,23.85,489289
2014-11-24,23.8,25.86,23.41,25.06,825140
2014-11-25,25.04,25.64,24.25,25.06,374549
2014-11-26,24.91,26.49,24.37,26.4,371746
2014-11-27,26.4,27.28,26.02,26.14,484160
2014-11-28,26,26.28,25.01,25.98,271484
2014-12-1,25.94,26.78,25.3,26.07,347385
2014-12-2,26.18,27,25.71,26.24,261380
2014-12-3,26.27,27.22,26.1,27.01,230038
2014-12-4,27.05,29,27.05,27.99,500695
2014-12-5,27.99,28.75,25,25.01,468675
2014-12-8,25.32,26.8,22.82,24.33,620950
2014-12-9,24,24,22.24,23.14,430191
2014-12-10,23.4,25.05,23.4,24.06,314141
2014-12-11,23.6,24.88,22.85,23.38,224368
2014-12-12,23.23,23.75,22,22.5,233147
2014-12-15,22.54,23.58,20.03,21.4,292537
2014-12-16,21.79,22,17.19,19.76,675915
2014-12-17,20.22,23.47,18.5,23.46,341945
2014-12-18,23.5,24.68,22.12,22.49,443141
2014-12-19,22.91,26.79,21.58,25.49,698001
2014-12-22,26,26,23.6,24.01,211785
2014-12-23,23.88,25,23.3,23.8,141222
2014-12-24,23.78,24.76,22.56,23.77,124394
2014-12-25,23.76,24.47,22.8,24.05,146079
2014-12-26,24.05,24.99,23.72,24.54,78531
2014-12-29,24.75,24.92,23.82,24.3,76036
2014-12-30,23.92,23.92,22.72,23,82604
2015-1-5,23,23.32,21.98,23.15,77623
2015-1-6,22.94,23.87,22.67,23.43,52062
2015-1-8,23.4,24.37,23.4,24.25,70874
2015-1-9,24.1,24.88,23.12,23.8,59658
2015-1-12,23.08,23.88,23.08,23.22,34019
2015-1-13,23.23,23.45,22.32,23.29,89167
2015-1-14,23.3,23.95,22.92,23.32,58593
2015-1-15,23.58,25.4,23.46,24.8,204285
2015-1-16,24.91,25.93,24.62,24.67,237383
2015-1-19,24.55,26.74,24.55,26.17,267631
2015-1-20,26.21,27.3,26.21,26.52,269570
2015-1-21,26.8,28,26.26,27.68,261813
2015-1-22,27.68,29.79,27.68,29.29,428802
2015-1-23,29.5,30.15,27.6,28.14,319696
2015-1-26,27.56,27.85,26.4,27.65,235523
2015-1-27,26.44,29.05,25.13,28.73,378185
2015-1-28,29,31,29,30.2,561180
2015-1-29,30.09,31.8,29.53,29.72,422595
2015-1-30,30,30.65,29,30.07,188523
2015-2-2,31,31.98,29.81,29.94,308254
2015-2-3,30.1,31.3,28.75,30.1,265428
2015-2-4,30.39,31.53,29.55,31.05,137590
2015-2-5,30.89,31.87,29.7,31.85,289614
2015-2-6,31.9,32.6,30.9,31.92,306759
2015-2-9,31.79,32.54,30.4,31.68,333353
2015-2-10,31.66,32.09,31.07,32.01,138456
2015-2-11,32.55,32.55,31.5,31.7,107156
2015-2-12,32.01,32.23,30.15,31.29,287322
2015-2-13,31.5,32.12,31.1,31.7,120737
2015-2-16,31.7,37.77,31.16,36.15,992901
2015-2-17,36.92,39.9,36.26,37.77,892625
2015-2-18,37.93,39.38,37.1,37.94,245077
2015-2-19,37.86,42.2,37.37,38.6,648027
2015-2-20,39.08,41.5,39,40.83,490305
2015-2-24,39.51,41,38.13,40.27,296049
2015-2-25,40.36,41.31,39.3,39.77,193539
2015-2-26,40.49,45.01,39.77,45.01,781417
2015-2-27,45,48,43.48,44.8,878420
2015-3-2,43.41,49.39,43.41,48.86,556306
2015-3-3,48.83,51.9,48.83,50.95,828593
2015-3-4,51.46,52.88,47.62,48.09,636845
2015-3-5,48.15,49.77,45.6,49,1059769
2015-3-6,49.15,51.45,44.79,47.18,525234
2015-3-10,46.5,46.7,41.28,42.31,598509
2015-3-11,42.36,47.43,40.14,46.01,802232
2015-3-12,46.53,48.35,45,45.18,350793
2015-3-13,45.22,45.8,42.3,42.78,269957
2015-3-16,42.78,44.3,42,43.07,229195
2015-3-17,43.08,44.98,42.53,43.93,144686
2015-3-18,44.03,44.88,43.71,44.14,129869
2015-3-19,44.85,45.43,42.56,43.3,127051
2015-3-20,43.41,43.51,40.37,42,380983
2015-3-23,42,42.34,40.22,41,140615
2015-3-24,41.11,41.11,38.65,39.5,254115
2015-3-25,39.88,42.14,39.5,41.4,237840
2015-3-26,41.95,41.95,39.5,39.66,131281
2015-3-27,39.57,40.78,37.36,37.96,289160
2015-3-30,37.79,41.94,37.6,41.93,289253
2015-3-31,42,42.86,40.27,41.93,299471
2015-4-1,41.95,42.75,40.94,42.47,141327
2015-4-2,42.5,44.63,42.42,43.33,268974
2015-4-3,43.78,44.19,41.73,42.05,139002
2015-4-6,42.5,43,41.02,42.11,125218
2015-4-7,42.2,42.99,41.11,41.37,103681
2015-4-8,41.47,41.99,40,41.05,183322
2015-4-9,41.14,41.24,39.27,39.42,138434
2015-4-10,39.46,40.4,38.6,39.06,135382
2015-4-13,39.2,41,39.2,39.77,189935
2015-4-14,39.86,40.82,39.2,39.44,134669
2015-4-15,41.23,41.23,39,39.25,137463
2015-4-16,39.01,39.99,38.3,38.5,107402
2015-4-17,38.53,39.4,38.18,38.79,84396
2015-4-20,38.87,39.62,38.05,38.75,168427
2015-4-21,38.89,39.35,38.5,38.81,80341
2015-4-22,38.75,39.09,37.01,37.72,174245
2015-4-23,37.76,38.1,36.43,36.84,125806
2015-4-24,35.78,38.15,35.55,37.49,133428
2015-4-27,37.49,38.78,36.63,37.36,119403
2015-4-28,37.59,38.11,36.54,36.8,97041
2015-4-29,37.78,37.78,36.65,37.04,56543
2015-4-30,37.13,37.42,36.43,36.75,57795
2015-5-5,36.79,38.23,36.23,37.41,108446
2015-5-6,37.42,37.58,36.55,36.67,57929
2015-5-7,36.68,37,36.5,36.62,47985
2015-5-8,36.65,36.78,36.2,36.67,38663
2015-5-12,36.67,37.15,35.84,35.92,56673
2015-5-13,35.97,36.23,35.05,35.21,78360
2015-5-14,35.14,35.78,34.41,34.7,120141
2015-5-15,38.59,38.59,34.62,37.32,187348
2015-5-18,37.32,37.6,35.83,35.95,112438
2015-5-19,35.95,37,35.25,36.65,96372
2015-5-20,36.65,37,35.5,35.99,66357
2015-5-21,36.18,38.95,36.18,38.5,275830
2015-5-22,39.25,39.25,37.53,38.58,125445
2015-5-25,38.59,39.99,38.05,38.33,181697
2015-5-26,38.42,39.24,37.02,37.05,120475
2015-5-27,37.03,37.96,36.5,37.2,141450
2015-5-28,37.26,38.34,37.1,38.34,57880
2015-5-29,38.33,38.9,37.91,37.98,116524
2015-6-1,37.57,38.5,37.18,37.52,76113
2015-6-2,37.52,37.9,36.51,36.86,79141
2015-6-3,37.15,37.4,35.5,35.65,126035
2015-6-4,35.81,36.57,34.92,36.08,224122
2015-6-5,36.14,37.29,35.86,36.46,170211
2015-6-8,36.89,37.46,36.5,36.6,181863
2015-6-9,36.6,36.6,35.95,36.19,57046
2015-6-10,36.5,37.23,35.82,36.39,160373
2015-6-11,36.43,36.86,35.94,36.25,40268
2015-6-15,36.02,36.45,35.54,36.33,71728
2015-6-16,36.4,36.71,35.91,36.19,46647
2015-6-17,36.19,36.48,35.95,36.09,49868
2015-6-18,36.02,36.87,36,36.63,108956
2015-6-19,36.8,37.4,36.26,36.68,87491
2015-6-22,36.57,37.2,36.11,37.1,32498
2015-6-23,37.11,37.98,36.9,36.99,112595
2015-6-24,37.06,37.77,36.53,36.83,81492
2015-6-25,36.83,36.99,35.57,35.99,55176
2015-6-26,36.23,36.36,35.6,36.1,35326
2015-6-29,35.9,36.15,35.3,35.46,67771
2015-6-30,35.4,35.82,35.29,35.68,28569
2015-7-1,35.6,36.06,35.4,35.78,58078
2015-7-2,35.78,35.9,35.34,35.53,26460
2015-7-3,35.69,35.71,35.2,35.5,32637
2015-7-6,35.6,35.69,34.7,34.8,76476
2015-7-7,35,35.18,34.84,34.89,27868
2015-7-8,34.8,34.87,32.15,33.19,246923
2015-7-9,33.31,33.97,33.31,33.43,53464
2015-7-10,33.88,34.43,33.49,33.52,105412
2015-7-13,33.45,34.04,32.8,33.4,115406
2015-7-14,33.33,34.5,33.24,34.37,111968
2015-7-15,34.06,37.5,33.5,37.4,227309
2015-7-16,37.59,38.45,36.86,37.71,215237
2015-7-17,37.8,38.29,36.53,36.53,171988
2015-7-20,36.7,37.05,35.7,36.43,149706
2015-7-21,36.43,36.85,36,36.35,48361
2015-7-22,36.31,36.38,35.43,35.62,69105
2015-7-23,35.62,36,35.05,35.05,68000
2015-7-24,35.1,35.48,34.22,34.63,93508
2015-7-27,34.68,36.79,34.41,35.55,128695
2015-7-28,36,36.77,35.47,35.85,117070
2015-7-29,35.9,36.02,35.51,35.75,33265
2015-7-30,35.56,36.53,35.56,36.17,33637
2015-7-31,36.1,36.62,35.77,36.3,46190
2015-8-3,36.03,37.8,36.03,36.95,95619
2015-8-4,36.97,39,36.97,39,204095
2015-8-5,38.98,39.81,38.5,38.6,197904
2015-8-6,38.87,39.23,37.9,38.05,107266
2015-8-7,38.05,39.13,37.78,38.17,108239
2015-8-10,38.1,39.41,38.03,39.3,110350
2015-8-11,39.36,40.4,39.02,40.02,207520
2015-8-12,39.99,40.37,39.24,39.45,79853
2015-8-13,39.85,40.1,38.85,39.7,92475
2015-8-14,39.88,39.91,39.12,39.39,47256
2015-8-17,39.93,39.94,38.21,38.8,89710
2015-8-18,39.06,39.18,37.74,38.01,109527
2015-8-19,38,38.18,36.94,37.28,127825
2015-8-20,37.31,39.1,37.14,39.08,156174
2015-8-21,38.88,40.01,38,38.1,155162
2015-8-24,37.07,37.39,34.56,36.09,266302
2015-8-25,36.4,37.89,36.37,37.27,135304
2015-8-26,37.4,37.75,36.5,37.34,85038
2015-8-27,37.69,38.75,37.61,38.67,87890
2015-8-28,39.5,39.5,38.15,38.5,102193
2015-8-31,38.29,39.65,38.15,39.42,83747
2015-9-1,39.42,39.9,38.23,38.8,115262
2015-9-2,38.66,39.88,38.05,39.79,81057
2015-9-3,39.7,42.52,39.56,42.42,398869
2015-9-4,42.39,42.39,40.34,40.97,310340
2015-9-7,40.97,41.4,39.84,40.81,225381
2015-9-8,40.81,42.19,40.81,41.87,103467
2015-9-9,42.2,42.39,41.5,41.79,90845
2015-9-10,41.78,41.86,40.65,41,135760
2015-9-11,41,41.19,40.26,40.29,99667
2015-9-14,40.5,40.91,40.13,40.33,40616
2015-9-15,40.58,41,39.85,40.11,105040
2015-9-16,40.22,40.5,39.22,40.34,161052
2015-9-17,40.41,41.51,40.27,40.8,177953
2015-9-18,41,41.23,38.33,38.33,159712
2015-9-21,39,39.5,38.9,39.05,146157
2015-9-22,39.29,39.49,38.07,38.09,129889
2015-9-23,38.15,38.36,36.4,36.98,183582
2015-9-24,36.98,38.4,35.3,37.75,314888
2015-9-25,37.95,38.62,36.82,37.6,98844
2015-9-28,37.71,37.96,36.36,36.73,62077
2015-9-29,36.83,37.25,36.41,36.72,44896
2015-9-30,36.99,37.61,36.81,37.03,51220
2015-10-1,37.35,38.02,36.52,36.7,62139
2015-10-2,36.6,37.27,36,36.15,74814
2015-10-5,36.5,37.15,36.5,36.87,55414
2015-10-6,36.95,38,36.9,37.61,152444
2015-10-7,37.27,37.83,37.2,37.52,39677
2015-10-8,37.54,37.57,36.75,36.98,47751
2015-10-9,37.11,37.64,36.98,37.46,39201
2015-10-12,37.2,40.19,37.2,40.15,268283
2015-10-13,40.15,40.38,37.7,38,180462
2015-10-14,38,38.8,37.31,38.48,200995
2015-10-15,38.78,39.33,38.11,38.21,120457
2015-10-16,38.68,38.68,37.4,37.4,67670
2015-10-19,37.5,37.69,36.52,36.52,106304
2015-10-20,36.8,37.66,36.38,37.21,145369
2015-10-21,37.2,37.34,36.76,37.19,52854
2015-10-22,37.25,37.74,36.92,36.94,51527
2015-10-23,37.49,37.6,36.91,37.09,43407
2015-10-26,37.1,37.12,36.49,36.92,71045
2015-10-27,36.88,38.2,36.5,38.06,96717
2015-10-28,38.21,38.46,37.35,37.57,58695
2015-10-29,37.95,38.09,37.25,37.53,42608
2015-10-30,37.9,38.39,37.27,37.74,85368
2015-11-2,37.88,37.88,37.18,37.79,77180
2015-11-3,37.79,38.19,36.9,37.25,102068
2015-11-5,37.3,37.98,37,37.02,99373
2015-11-6,37.05,37.67,37.05,37.07,38513
2015-11-9,37.41,37.48,36.69,36.77,40180
2015-11-10,37,37.23,36.4,36.98,68811
2015-11-11,36.89,37.12,36.6,36.6,42524
2015-11-12,36.65,36.89,36.25,36.41,50049
2015-11-13,36.36,36.81,35.56,35.8,72769
2015-11-16,35.8,36.45,35.6,36.13,41917
2015-11-17,36.13,37.22,35.81,36.85,79134
2015-11-18,37.22,37.28,36.38,36.95,77607
2015-11-19,36.74,37.8,36.11,36.17,146774
2015-11-20,36.29,36.39,35.71,36.07,74989
2015-11-23,36.04,36.52,35.83,35.91,77035
2015-11-24,36,36.19,34.22,34.69,273943
2015-11-25,34.9,35.24,34.05,34.75,132444
2015-11-26,35,35.66,34.14,34.23,189403
2015-11-27,34.39,34.39,33.59,33.73,77018
2015-11-30,33.6,34.63,33.36,34.03,95286
2015-12-1,34.05,34.79,33.34,33.69,85671
2015-12-2,33.73,34.26,33.4,33.44,83898
2015-12-3,33.44,33.91,33,33.26,99571
2015-12-4,33.2,33.5,33.01,33.39,56054
2015-12-7,33.46,33.78,33.01,33.01,48104
2015-12-8,33.02,33.11,31.13,31.16,244862
2015-12-9,31.25,31.74,30.84,30.93,139827
2015-12-10,31,31.59,30.5,31.5,155114
2015-12-11,31.3,32.45,31.2,32.3,93368
2015-12-14,32.3,32.5,31.05,32.16,149366
2015-12-15,32.17,32.71,31.96,32.5,98349
2015-12-16,32.5,33.09,31.89,31.93,98698
2015-12-17,31.85,32.7,30.84,31.06,254325
2015-12-18,31,31.38,29.8,30.44,354356
2015-12-21,30.5,30.59,29.2,29.3,180393
2015-12-22,29.48,29.83,29.25,29.28,85899
2015-12-23,29.34,29.49,29.04,29.06,84373
2015-12-24,29.16,29.98,29.01,29.88,242152
2015-12-25,29.93,31.38,29.93,30.76,316786
2015-12-28,30.83,31.22,29.73,29.97,245793
2015-12-29,29.9,30.3,29.9,30.05,73862
2015-12-30,30.06,30.29,29.93,29.97,97590
2016-1-4,29.99,30.23,29.52,29.8,48817
2016-1-5,29.56,29.92,29.25,29.42,78152
2016-1-6,29.5,30.33,29.32,29.67,175749
2016-1-11,29,29.4,28.5,28.8,116476
2016-1-12,28.69,28.72,27.71,27.94,217133
2016-1-13,28.29,28.48,27.64,27.65,248601
2016-1-14,27.12,27.58,25.8,26.21,498055
2016-1-15,26.39,26.45,24.61,25.47,461514
2016-1-18,25,26.41,24.3,25.36,210021
2016-1-19,25.52,26.13,25.01,25.12,244437
2016-1-20,24.99,25.4,24.23,25.33,150004
2016-1-21,25.49,25.88,25.03,25.42,298004
2016-1-22,25.9,26.52,25.75,26.11,310749
2016-1-25,26.99,26.99,25.77,25.78,323879
2016-1-26,25.6,25.99,25.13,25.81,335734
2016-1-27,25.97,26.12,25.73,25.74,251198
2016-1-28,25.98,26.81,25.4,25.45,357979
2016-1-29,25.79,25.8,25,25.16,267482
2016-2-1,25.17,25.82,25.17,25.25,184097
2016-2-2,25.07,25.5,25.07,25.32,125556
2016-2-3,25.25,26.28,25.25,25.7,266825
2016-2-4,26.46,26.46,25.79,26.16,200488
2016-2-5,26.35,27.34,26.16,27.1,428452
2016-2-8,27.37,27.81,26.8,27.2,485535
2016-2-9,27.15,27.36,25.5,25.85,736400
2016-2-10,25.61,25.86,25.27,25.55,301299
2016-2-11,25.55,25.57,24.62,24.94,318082
2016-2-12,25.1,25.26,24.85,24.9,294522
2016-2-15,25.18,25.37,24.9,25,186029
2016-2-16,25.2,25.41,24.95,25.12,157851
2016-2-17,25,25.79,24.99,25.47,248080
2016-2-18,25.44,25.98,25.26,25.85,190290
2016-2-19,25.8,25.8,25.32,25.46,98421
2016-2-20,25.59,25.59,25.31,25.5,26477
2016-2-22,25.59,25.82,25.41,25.49,55830
2016-2-24,25.44,25.45,25,25.23,184020
2016-2-25,25.17,25.39,25.05,25.12,148148
2016-2-26,25.32,25.35,24.91,25,264824
2016-2-29,25.06,25.3,24.72,24.98,183533
2016-3-1,25.16,25.65,25.05,25.48,315056
2016-3-2,25.59,25.64,25.13,25.18,250423
2016-3-3,25.22,25.48,25.05,25.06,223759
2016-3-4,25.26,25.44,24.95,25.29,327097
2016-3-7,25.37,25.5,25.2,25.39,199413
2016-3-9,25.42,25.42,25.24,25.3,177608
2016-3-10,25.25,25.35,25.03,25.06,261189
2016-3-11,25.08,25.7,25.08,25.47,298359
2016-3-14,25.61,25.61,25.18,25.47,264047
2016-3-15,25.47,25.88,25.35,25.6,381650
2016-3-16,25.72,25.72,25.25,25.37,204628
2016-3-17,25.55,25.55,25.22,25.28,226864
2016-3-18,25.39,25.45,25.08,25.16,241926
2016-3-21,25.39,25.42,25.16,25.3,152516
2016-3-22,25.35,25.36,25.1,25.16,106280
2016-3-23,25.12,25.4,25.12,25.27,144892
2016-3-24,25.2,25.7,25.11,25.22,348386
2016-3-25,25.29,25.35,25.13,25.2,101319
2016-3-28,25.35,25.38,25.12,25.21,88677
2016-3-29,25.25,25.34,25,25.11,162565
2016-3-30,25.24,25.24,25.06,25.1,105674
2016-3-31,25.08,25.12,24.5,24.7,331365
2016-4-1,24.74,24.74,23.32,23.6,515136
2016-4-4,23.78,24.33,23.6,23.88,184097
2016-4-5,23.86,23.92,23.4,23.7,143858
2016-4-6,23.79,23.87,23.55,23.7,119581
2016-4-7,23.8,23.81,23.48,23.51,68502
2016-4-8,23.53,24.58,23.03,24.01,229229
2016-4-11,24.01,24.98,24.01,24.85,329581
2016-4-12,24.95,27.28,24.95,27.2,1167643
2016-4-13,27.3,28.34,26.6,27.12,785474
2016-4-14,26.9,27.43,25.73,26.43,505571
2016-4-15,26.56,28.25,25.84,27.97,808798
2016-4-18,27.79,29.7,27.3,29.56,919670
2016-4-19,29.7,29.84,28.33,28.49,467149
2016-4-20,28.4,29.69,28.03,28.85,377032
2016-4-21,28.97,29.46,28.12,28.25,316732
2016-4-22,28.3,28.6,27.75,28.12,231849
2016-4-25,28.1,29.61,27.97,28.94,291168
2016-4-26,29.15,29.37,28.1,28.35,231359
2016-4-27,28.35,29.36,28.35,29.25,382145
2016-4-28,29.09,30.93,29.09,30.7,591624
2016-4-29,30.7,31,29.72,29.93,320193
2016-5-4,29.5,30.79,29.08,29.6,192448
2016-5-5,30,30,29.17,29.25,108517
2016-5-6,29.2,29.58,28.65,28.8,118253
2016-5-10,28.56,28.94,27.2,27.37,333898
2016-5-11,27.4,27.61,26.71,27.36,189126
2016-5-12,27.46,27.9,26.9,26.96,146960
2016-5-13,27.2,27.2,26.18,26.33,307268
2016-5-16,26.35,26.75,25.99,26.48,168604
2016-5-17,26.51,26.91,26.18,26.44,101830
2016-5-18,26.37,26.88,26.2,26.55,74862
2016-5-19,26.48,27.72,26.4,27.49,221800
2016-5-20,27.43,27.8,26.25,27.39,155878
2016-5-23,27.32,28.3,26.71,28.25,245701
2016-5-24,28.18,28.94,28.01,28.26,258841
2016-5-25,28.05,28.79,28.05,28.25,99708
2016-5-26,28.32,28.69,27.12,27.64,159735
2016-5-27,27.57,27.77,27.05,27.32,103170
2016-5-30,27.14,27.72,27.1,27.35,71731
2016-5-31,27.26,27.69,27.05,27.09,61987
2016-6-1,26.95,27.07,26.3,26.41,180228
2016-6-2,26.35,26.76,26.04,26.3,73270
2016-6-3,26.24,26.86,26.1,26.24,88289
2016-6-6,26.35,26.87,26.03,26.49,75906
2016-6-7,26.5,26.7,26.27,26.32,60830
2016-6-8,26.32,26.68,26.14,26.38,67114
2016-6-9,26.4,26.45,25.28,25.6,132008
2016-6-10,25.48,25.53,24.9,25.16,89730
2016-6-14,25.12,25.36,24.98,25.31,69010
2016-6-15,25.22,25.47,25.08,25.25,35726
2016-6-16,25.02,25.4,24.5,24.7,87834
2016-6-17,24.88,25,24.45,24.82,98062
2016-6-20,24.74,24.85,24.31,24.4,63279
2016-6-21,24.35,26.59,24.28,26.42,323008
2016-6-22,26.42,27.64,26.03,26.5,336940
2016-6-23,26.36,28.2,26.36,27.5,330694
2016-6-24,26.45,27.58,25.33,27.35,283491
2016-6-27,27.41,28.37,26.5,26.64,158520
2016-6-28,26.98,27.77,26.13,27.45,172073
2016-6-29,27.57,28.16,27.14,27.54,127238
2016-6-30,27.33,28.51,26.99,28.49,193549
2016-7-1,28.3,29.67,28.04,29.4,310811
2016-7-4,29.2,30.48,28.62,30.22,260633
2016-7-5,30.17,30.2,28.72,28.79,179424
2016-7-6,28.6,29.11,28.16,28.22,117321
2016-7-7,28.22,28.83,27.61,27.76,144194
2016-7-8,27.6,28,26.92,27.33,116813
2016-7-11,27.5,28.86,27.47,28.78,168805
2016-7-12,28.6,29.84,28.25,28.5,292320
2016-7-13,28.81,29.45,27.9,28.56,192763
2016-7-14,28.6,29.97,28.2,28.45,122432
2016-7-15,28.44,28.97,27.65,28.1,166573
2016-7-18,28.11,29.25,28.11,28.75,128775
2016-7-19,28.54,29.69,28.54,29.48,177161
2016-7-20,29.48,29.7,28.95,29.49,133644
2016-7-21,29.5,29.95,29.31,29.62,113563
2016-7-22,29.34,29.91,29.1,29.1,92296
2016-7-25,29.37,29.74,28.74,28.95,124358
2016-7-26,29,29.4,28.45,29.29,145924
2016-7-27,29.49,33.87,29.44,33.7,1528287
2016-7-28,34,34.75,32.62,33.59,855316
2016-7-29,33.51,34.23,32.54,33.15,311979
2016-8-1,33.29,34.48,33.18,34.05,334299
2016-8-2,33.87,35.47,32.74,33.2,604139
2016-8-3,33.3,34,33,33.99,261163
2016-8-4,34,35.6,33.55,35.34,318840
2016-8-5,35.6,35.82,34.7,35.13,207006
2016-8-8,35.41,35.45,34.21,34.58,187794
2016-8-9,34.79,34.88,33.96,34.22,174352
2016-8-10,34.23,35.53,34.15,34.33,248261
2016-8-11,34.3,34.79,34.06,34.55,127284
2016-8-12,34.6,36.4,34.53,35.78,511877
2016-8-15,35.87,36.67,35.8,36.19,255321
2016-8-16,36.3,36.97,35.64,35.83,313215
2016-8-17,35.63,36.92,35.41,36.4,332031
2016-8-18,36.4,37.78,36.08,37.72,438060
2016-8-19,37.78,39.29,37.3,39.04,447993
2016-8-22,38.76,40.87,38.76,39.97,486430
2016-8-23,39.63,40.6,39.15,40.15,254509
2016-8-24,40.01,41.43,39.86,41.25,365622
2016-8-25,41.31,41.94,41.03,41.13,304789
2016-8-26,41.2,41.21,38.62,39,513624
2016-8-29,39.2,40.16,38.72,39.15,416236
2016-8-30,39.22,42.42,39.2,39.95,377689
2016-8-31,39.75,40.33,39.65,39.91,178728
2016-9-1,39.91,40.39,39.63,39.72,142697
2016-9-2,39.87,39.87,38,38.88,299456
2016-9-5,38.8,39.8,38.4,39.11,226083
2016-9-6,38.87,40.96,38.85,40.6,492449
2016-9-7,40.98,43.46,40.74,42.99,604409
2016-9-8,43.33,46.37,42.55,45.61,817718
2016-9-9,45.61,48.69,45.51,46,1114874
2016-9-12,45.87,48.5,44.45,47.4,919855
2016-9-13,47.73,48,46.14,46.48,316220
2016-9-14,46.99,48.44,46.47,47.98,698103
2016-9-15,48.27,49.33,47.12,48.14,642227
2016-9-16,48.49,48.99,46.89,46.89,313779
2016-9-19,47.2,58.4,46.8,50.65,1046338
2016-9-20,50.19,51.06,49.16,50.04,452376
2016-9-21,50.2,50.59,49.6,50,218575
2016-9-22,50.31,54.16,50.29,53.99,1054131
2016-9-23,54.09,56.13,52.91,55.97,958608
2016-9-26,55.83,59.75,55.83,59.6,1106071
2016-9-27,59.9,60.9,54.71,55.54,1584218
2016-9-28,55.59,57.5,52.52,56.89,1452867
2016-9-29,57.57,58.58,54.6,55.85,587265
2016-9-30,55.24,55.87,53.55,54.08,379425
2016-10-3,54.6,56.29,53.1,55.81,467974
2016-10-4,55.99,57.28,55.51,56.55,456985
2016-10-5,56.52,56.78,54.01,54.29,617005
2016-10-6,54.4,56.13,53.65,55.1,311077
2016-10-7,55.45,55.78,54.11,54.39,246148
2016-10-10,54.1,55.88,54.03,54.87,288736
2016-10-11,54.88,57.9,54.71,57.78,773282
2016-10-12,58.2,59.56,57.16,57.64,693485
2016-10-13,57.6,58.26,56.22,57.15,386095
2016-10-14,57.15,57.76,55.75,56.86,194422
2016-10-17,57.12,59.7,56.96,59.7,488268
2016-10-18,59.95,62.33,58.67,62.16,836402
2016-10-19,62.16,64.19,61.32,62.08,912368
2016-10-20,62.08,62.98,60.28,61.11,802109
2016-10-21,61,62.96,60.67,62.44,671268
2016-10-24,63.48,68.41,61.13,68.41,1510745
2016-10-25,68.83,71.4,65,67.15,1594118
2016-10-26,67.84,68,64.56,67.53,600519
2016-10-27,68.15,69.09,67.4,68.1,513967
2016-10-28,68.14,69.69,66.81,68.5,263398
2016-10-31,68.49,69.68,68.02,69.05,267656
2016-11-1,69.14,73.5,68.74,72.99,892469
2016-11-2,72.24,73.79,71.04,71.04,655723
2016-11-3,70.11,70.77,66.61,68.44,747594
2016-11-7,68.79,70.4,68.06,68.7,560948
2016-11-8,69.9,70.34,68.82,69,236121
2016-11-9,67.99,70.99,65.55,70.5,620218
2016-11-10,71,74.37,71,71.66,746541
2016-11-11,72.21,73.76,70.21,72.98,424647
2016-11-14,73.45,76.08,73.45,73.93,861824
2016-11-15,74.5,74.9,71.7,73.95,588549
2016-11-16,74.45,74.79,70.36,70.99,670100
2016-11-17,71.43,71.43,69.05,70,675324
2016-11-18,70,70,67.5,69.4,400496
2016-11-21,69.9,70.84,69.55,69.99,297568
2016-11-22,69.12,70.32,68.04,69.35,310556
2016-11-23,69.62,69.89,68.41,68.62,137666
2016-11-24,68.98,69.46,68.12,68.76,213462
2016-11-25,69.14,71,67.7,70.22,456796
2016-11-28,70.41,72.62,70.22,71.4,193305
2016-11-29,71.8,72.52,69.63,70.95,256250
2016-11-30,70.48,71.7,69.15,69.2,278878
2016-12-1,69.7,69.99,68.67,69.65,148082
2016-12-2,69.5,69.82,68.5,69.01,208562
2016-12-5,69.4,71.6,69,70.65,317923
2016-12-6,71.2,71.77,69.7,70.5,234329
2016-12-7,70.9,71,69.25,69.73,156331
2016-12-8,70.29,70.29,68.33,69.12,252892
2016-12-9,68.5,69.25,67.28,68.7,281050
2016-12-12,69,75.5,67.81,74.62,1091693
2016-12-13,74.83,76.47,73.25,74.95,361259
2016-12-14,75.5,79.95,75.2,79.89,936642
2016-12-15,79.99,83.62,79,79.56,879931
2016-12-16,79.56,81.88,78.13,79,380979
2016-12-19,80.99,81.4,78.03,78.47,244716
2016-12-20,78.47,79.98,77.63,77.99,165081
2016-12-21,77.5,79.8,77.37,78.86,180018
2016-12-22,78.9,79.17,75.82,76.4,320276
2016-12-23,77.16,78.98,74.67,78.84,355009
2016-12-26,79,80.32,78.55,79.26,190082
2016-12-27,79.99,81,78.31,78.31,248036
2016-12-28,78.1,79.67,77.31,78.54,105036
2016-12-29,78.13,79.49,77.81,79.01,70019
2016-12-30,78.78,80,78.78,79.71,109393
2017-1-3,79.96,82.08,79.73,81.7,173781
2017-1-4,82.2,82.48,80.04,80.44,93690
2017-1-5,80.4,81.57,77.88,79.79,168921
2017-1-6,79.84,81.1,79.8,80.7,74941
2017-1-9,80.75,81.66,79.3,79.5,225206
2017-1-10,80.44,85,79.4,83.97,735173
2017-1-11,84.44,90.44,84.01,89.5,771149
2017-1-12,90,90.8,87,87.46,465973
2017-1-13,87.2,91.49,86.18,91.49,404432
2017-1-16,91.46,93.9,90.51,90.65,509005
2017-1-17,91.4,91.62,87.55,88.46,311667
2017-1-18,88.77,89.7,87.84,88.1,186776
2017-1-19,88.54,91,86.61,88.01,388101
2017-1-20,88.46,88.95,86.51,88,165037
2017-1-23,87.31,89.75,86.58,87.33,176508
2017-1-24,87.9,91.2,87.52,89.34,197824
2017-1-25,89.79,92.5,88.75,92.27,271486
2017-1-26,92.5,94.74,90.69,91.35,409218
2017-1-27,92,92.33,90.5,90.78,190684
2017-1-30,90.5,92.7,90.01,91.29,228340
2017-1-31,91.5,91.91,88.55,90.14,331235
2017-2-1,90.63,90.95,89.52,90.53,195963
2017-2-2,90.74,91.85,88.71,89.21,235823
2017-2-3,89.21,90.46,86.7,88.68,307034
2017-2-6,88.8,89.66,85.51,86.8,259343
2017-2-7,86.97,88.2,84.75,87.25,416802
2017-2-8,87.5,88.79,86.41,86.88,195815
2017-2-9,86.8,87.7,85.33,86.71,146534
2017-2-10,86.35,87.29,84.2,85.6,200235
2017-2-13,85.5,86.38,82.5,82.72,226229
2017-2-14,82.8,87.68,79.83,87.64,541260
2017-2-15,87.99,87.99,84.57,85.5,262605
2017-2-16,85.5,89,84.07,89,386186
2017-2-17,88.9,90.7,87.51,87.66,352624
2017-2-20,88.3,89.1,86.3,87.98,141281
2017-2-21,87.98,88.27,86.6,86.92,72576
2017-2-22,87.62,90.33,86.82,87.97,266406
2017-2-24,88.2,88.61,84.6,85.2,153849
2017-2-27,85.2,86.51,80.7,81,356873
2017-2-28,81,82.95,60.65,79.31,1298007
2017-3-1,79.46,83.87,77.97,83.4,296572
2017-3-2,83.95,86.7,80.14,80.77,402607
2017-3-3,80.01,82.54,76.1,82.41,361364
2017-3-6,82,84.71,80.91,81.8,156722
2017-3-7,82.22,82.22,75.92,77.8,371224
2017-3-9,75.1,76.86,63.24,64.5,2695348
2017-3-10,65.02,68.73,59.55,66.51,1486300
2017-3-13,66,67.46,62.15,65.86,738174
2017-3-14,65.5,69.8,65.5,66.03,595284
2017-3-15,66.09,68.3,65.5,65.67,313471
2017-3-16,66.99,68.68,66.74,68.4,274027
2017-3-17,68.39,73.42,68.2,73.08,717262
2017-3-20,73.62,75.73,71.52,75.72,386570
2017-3-21,75.67,77.49,73.52,73.7,358360
2017-3-22,72.48,73.9,69.55,73.55,533829
2017-3-23,74,76.4,73.51,76,485994
2017-3-24,76.44,78.19,73.66,73.95,539524
2017-3-27,73,73,68.22,68.91,416429
2017-3-28,69.63,71.28,66.3,70.64,629800
2017-3-29,71.21,72.95,69.57,72.07,288844
2017-3-30,72.5,73.48,70.54,71.92,235178
2017-3-31,71.93,71.93,69.5,69.58,176191
2017-4-3,69.8,71.42,68.53,70.13,240161
2017-4-4,70.84,72.69,70.64,72.46,220010
2017-4-5,73.1,75.28,73.1,74,409374
2017-4-6,73.23,76.9,72.83,76.38,403191
2017-4-7,75.78,76.33,72.55,75.7,422072
2017-4-10,76.29,76.29,70.12,70.5,597608
2017-4-11,70.49,74.7,69.04,73.45,526077
2017-4-12,73.55,75.4,71.49,72.65,267005
2017-4-13,73.2,74.18,69.35,72.05,384693
2017-4-14,71.99,71.99,69.82,69.94,93482
2017-4-17,70,72.74,69.5,72.4,232376
2017-4-18,73,73.46,69.57,70.07,294545
2017-4-19,70,70.2,67.42,67.94,289034
2017-4-20,67.02,67.68,62.11,67.5,1286200
2017-4-21,67.94,69.71,66.55,67.36,403842
2017-4-24,69,70.2,67.77,69.75,317427
2017-4-25,70.14,70.96,69.16,69.92,282641
2017-4-26,70.2,72.8,69.56,72.8,470130
2017-4-27,72.2,73.4,70.64,72.39,568096
2017-4-28,72.7,74.6,71.82,72.99,318338
2017-5-2,73.75,75,73.13,73.69,196753
2017-5-3,73.75,74.29,71.08,71.92,258622
2017-5-4,71.89,73.46,70.27,70.7,185301
2017-5-5,70.01,70.78,69.07,70.7,152897
2017-5-10,70.7,72.7,70.7,71.33,224303
2017-5-11,72.4,72.4,68.77,69.6,132622
2017-5-12,69.6,70.62,67.75,69.85,234296
2017-5-15,70.49,70.83,67.63,68.6,231239
2017-5-16,68.86,70.68,68.31,70.1,172679
2017-5-17,69.8,70.24,68.65,69.7,120454
2017-5-18,68.24,69.39,66.02,66.8,247835
2017-5-19,67.88,68,64.3,66.85,222516
2017-5-22,67.5,67.79,63.12,63.48,342622
2017-5-23,63.35,66.75,62,66.16,341144
2017-5-24,66.85,67.23,63.63,65.06,191151
2017-5-25,65.2,67.2,64.3,65.96,244310
2017-5-26,65.4,65.73,64.02,64.7,121144
2017-5-29,64.7,65.82,63.21,63.69,156081
2017-5-30,63.8,64.15,62.2,63.99,164885
2017-5-31,64.06,67,62.78,64.06,419655
2017-6-1,64.22,65.18,60.28,61.27,515361
2017-6-2,60.61,61.27,57.24,58.69,716853
2017-6-5,59.28,60.93,58.83,59.61,203136
2017-6-6,59.79,59.99,57.5,58.23,169356
2017-6-7,58.52,59.12,57.26,57.26,146951
2017-6-8,57.26,57.4,54.85,55.35,356206
2017-6-9,55.6,56.82,54.9,55.77,221903
2017-6-13,56,58.3,55.12,57.68,244055
2017-6-14,57.7,58.1,54,54.02,378655
2017-6-15,53.23,54.7,50.5,54.5,670377
2017-6-16,54.44,56.39,52.2,52.59,352273
2017-6-19,52.99,55.55,52.6,54.87,279661
2017-6-20,55.26,56.3,53.56,55.33,317990
2017-6-21,55.05,55.76,54.04,54.46,190389
2017-6-22,54.4,57.4,54.14,57.4,316977
2017-6-23,57.3,59.49,56.38,58.75,257346
2017-6-26,59.33,60.64,57.58,57.71,242220
2017-6-27,57.45,60.5,56.65,60.5,300234
2017-6-28,59.89,61.69,59.39,60.75,304413
2017-6-29,60.7,61.89,60.31,60.9,287516
2017-6-30,60.3,61.38,60.1,60.55,180754
2017-7-3,61.01,61.33,60.37,61,215404
2017-7-4,61,64.26,61,64.26,354813
2017-7-5,64.26,64.9,63.14,64.8,305543
2017-7-6,64.8,65.9,63.23,64.45,265171
2017-7-7,64.27,64.78,63.06,64.12,286325
2017-7-10,64.5,67.75,64.28,67.31,342511
2017-7-11,67.51,68.85,66.74,68.44,371805
2017-7-12,68.89,70.12,68.21,68.73,299881
2017-7-13,69.67,70.87,68.9,69.26,481893
2017-7-14,69.4,69.92,67.4,68.5,321355
2017-7-17,68.48,70.26,68.48,69.99,275249
2017-7-18,70,71.95,69.48,70.9,330763
2017-7-19,71.5,71.76,70.41,71.5,223637
2017-7-20,71.82,72.92,71.4,71.72,219597
2017-7-21,71.53,72.17,70.07,70.47,272628
2017-7-24,71.13,71.13,68.7,70.16,242363
2017-7-25,70,70.78,69.22,69.6,188728
2017-7-26,70.21,73.6,69.44,73.6,395913
2017-7-27,73.7,74.98,73.4,74.37,368110
2017-7-28,74.3,75.36,71,73.98,612824
2017-7-31,74.02,75.11,72.2,73.58,249390
2017-8-1,74.2,74.77,73.67,74,186702
2017-8-2,74.25,76,73.51,74.91,353806
2017-8-3,74.99,75.91,74.46,75.4,286772
2017-8-4,75.52,75.52,73.5,74.92,282197
2017-8-7,75.17,76.5,74.93,75.86,298917
2017-8-8,75.9,78.82,75.63,78.4,341661
2017-8-9,78.2,79,77.41,78.12,278271
2017-8-10,78.49,80.84,78.31,79.42,481530
2017-8-11,78.99,78.99,76.03,78.87,442491
2017-8-14,78.8,80.3,78.72,79.68,238664
2017-8-15,79.59,80.1,78.06,79.72,206231
2017-8-16,79.99,80.95,79.73,79.76,225211
2017-8-17,80.06,80.06,79,79.22,205584
2017-8-18,79,79.64,78.11,78.75,176999
2017-8-21,79,79.91,78.9,79.3,111760
2017-8-22,79.5,82.44,79.5,82.27,299614
2017-8-23,82.43,83.99,81.4,82.91,442690
2017-8-24,83.78,84.8,82.92,84.08,250666
2017-8-25,86.1,87.75,84.89,86.98,555579
2017-8-28,86.8,88.56,81.34,84.75,832133
2017-8-29,84.5,84.9,81.7,84.84,578550
2017-8-30,85.15,86.85,84.1,85.7,334953
2017-8-31,85.5,86.91,84.54,86.08,288884
2017-9-1,86.85,86.85,85.05,86,193832
2017-9-4,85.66,85.88,84.16,85.18,200894
2017-9-5,85.18,87.48,85.09,86.5,239924
2017-9-6,86.5,86.68,85.59,86.42,204612
2017-9-7,86.93,87,85.16,85.67,163185
2017-9-8,85.9,86.01,83.28,85.1,220292
2017-9-11,85.5,86.4,84.93,85.7,97210
2017-9-12,86,86.32,85.07,85.87,83589
2017-9-13,86.25,88.6,85.65,88.45,446748
2017-9-14,88.8,89.5,87.2,87.69,294671
2017-9-15,86.99,88.4,86.62,87.42,158916
2017-9-18,88.45,88.86,87.97,88.47,146778
2017-9-19,88.63,89.28,85.47,85.56,226450
2017-9-20,85.9,85.9,83.05,85.15,257779
2017-9-21,85.3,85.31,80.1,83.6,546254
2017-9-22,82.76,83.83,81,83.09,239920
2017-9-25,83.09,84.39,81.03,83.45,287434
2017-9-26,83.8,84.89,82.15,82.35,266222
2017-9-27,83.41,84.55,81.52,83.11,297098
2017-9-28,83.4,83.67,81.99,82.15,215118
2017-9-29,82.25,82.84,81.5,81.98,149172
2017-10-2,82.01,83.45,81.59,82,167333
2017-10-3,82.1,83,81.86,81.9,106494
2017-10-4,81.9,82.55,81.34,81.85,136669
2017-10-5,82,82.26,81.4,81.55,98247
2017-10-6,81.77,83.1,81.77,82.17,143044
2017-10-9,82.67,85.9,82.28,85.48,552039
2017-10-10,86,86.75,84.51,84.53,199619
2017-10-11,84.49,85.8,84.3,84.3,143086
2017-10-12,84.87,85.49,84.65,85.26,118989
2017-10-13,85.3,85.92,85.16,85.5,85666
2017-10-16,85.95,87.87,85.33,87.59,331466
2017-10-17,87.6,88.79,85.8,86.5,361293
2017-10-18,86.27,90.16,86.15,90,342371
2017-10-19,90.14,90.74,85.6,87.11,425278
2017-10-20,87.33,88.99,86.01,88.77,261105
2017-10-23,89,90.44,87.1,88.85,386760
2017-10-24,89.6,89.6,87.6,89.3,222818
2017-10-25,89.49,90.27,86.37,86.92,396141
2017-10-26,87.79,90.1,85.6,89.5,625376
2017-10-27,90,93.05,89.5,92.7,610386
2017-10-30,93.22,93.8,90.6,91.84,491104
2017-10-31,91.8,92.1,89.35,89.5,292331
2017-11-1,89.99,91,88.52,89.8,290778
2017-11-2,89.89,90.95,86.55,87.81,362746
2017-11-3,88.31,89.5,86.71,89.44,265214
2017-11-7,90.4,90.9,88.8,89.78,252278
2017-11-8,90.38,90.48,89.31,89.69,148721
2017-11-9,90.39,90.43,88.1,88.8,206747
2017-11-10,88.13,88.98,86.68,87.65,135211
2017-11-13,87.99,88.43,86.2,87,168999
2017-11-14,87,89.65,86.73,89.03,217157
2017-11-15,88.62,89.39,85.82,86.03,222188
2017-11-16,86.55,87.41,84,85.6,300543
2017-11-17,85.6,87.05,84.6,85.59,156864
2017-11-20,85.99,86.8,84.5,84.65,146495
2017-11-21,84.84,87.07,84.8,87,196905
2017-11-22,87.4,90.19,86.71,89.33,257284
2017-11-23,89.65,90.8,88.6,90.04,222258
2017-11-24,90.68,90.68,88.9,88.95,106343
2017-11-27,89.5,89.98,87.85,88.2,82880
2017-11-28,88.04,89.62,87.58,88.55,154376
2017-11-29,88.52,89.35,86.77,86.95,129506
2017-11-30,87.22,88.16,85.61,86.24,151569
2017-12-1,86.2,87.47,85.91,86.01,103483
2017-12-4,86.63,86.96,82.21,85.05,509093
2017-12-5,85.1,85.1,82.55,84.51,237105
2017-12-6,84.02,88.25,83.85,88.17,229290
2017-12-7,88.34,88.87,85.25,85.77,221245
2017-12-8,85.13,87.6,85.13,87.48,127450
2017-12-11,87.7,90.34,87.7,90,255722
2017-12-12,90.47,91.75,87.64,88.53,194940
2017-12-13,87.06,89.8,87.06,88.82,148945
2017-12-14,89.29,89.29,87.67,88.18,105118
2017-12-15,88.6,89.54,88.15,88.62,99093
2017-12-18,89.05,89.45,87.12,87.89,102078
2017-12-19,88.49,88.72,86.5,87.15,113144
2017-12-20,87.04,87.34,84.68,86.34,193344
2017-12-21,86.26,87.7,84.31,86.34,199423
2017-12-22,86.36,87.5,81.66,85.8,227560
2017-12-25,85.8,88.18,85.8,86.51,96040
2017-12-26,86.88,87.22,85.2,86.6,134172
2017-12-27,86.5,87.55,86.02,86.5,123587
2017-12-28,86.94,87.23,86,87.11,115148
2017-12-29,86.65,89.35,86.65,89.01,122070
2018-1-3,89.9,92.4,89.11,91.41,138951
2018-1-4,91.41,96.8,91.4,96.79,416333
2018-1-5,97.5,99.02,95.11,99,284331
2018-1-9,99.64,100.85,97.3,98.63,317895
2018-1-10,98.94,99.99,96.49,97.77,149325
2018-1-11,97.77,99.35,96.02,99.09,153960
2018-1-12,99.6,100.56,97.66,98.01,201447
2018-1-15,98.74,99.22,96.73,97.3,145640
2018-1-16,97.1,97.8,95.12,97.51,182268
2018-1-17,96.4,98.96,95.63,98.96,140961
2018-1-18,98.89,104.4,98.38,104.02,560533
2018-1-19,104.88,105,101.66,103.5,305140
2018-1-22,103.98,107.95,103.33,104.3,537720
2018-1-23,105.15,106.59,103.33,104.11,287496
2018-1-24,104,106.55,103.3,105.9,163235
2018-1-25,106.45,107.77,103.35,103.35,248224
2018-1-26,102.8,103.85,101,101.28,257737
2018-1-29,102,104.18,100.5,101.28,176141
2018-1-30,101.29,103.78,100.7,102.53,145399
2018-1-31,102.31,103.72,101.42,102.87,100467
2018-2-1,103.11,104.95,102.88,103.24,147032
2018-2-2,103.07,104.72,101.56,101.65,128907
2018-2-5,101.04,102.35,98.01,99.98,403246
2018-2-6,96,97.44,92.1,94.01,894688
2018-2-7,96,97.88,94.5,96.8,338899
2018-2-8,96.32,99.4,95.51,98.29,292953
2018-2-9,95,98.49,94.01,98.1,402366
2018-2-12,98.81,103.9,98.81,102.81,395569
2018-2-13,103.16,104.85,102.15,104.39,261213
2018-2-14,104.49,107.4,103.76,105.81,481863
2018-2-15,107.88,109.88,107.21,108.22,407992
2018-2-16,108.2,109.2,106.58,107.93,258802
2018-2-19,108,109.42,107.66,107.9,114730
2018-2-20,107.6,109.6,107.34,108.91,155391
2018-2-21,108.63,112,108.63,112,303638
2018-2-22,111.5,113.2,110.9,112.12,200750
2018-2-26,112.95,114.25,112.14,112.85,248901
2018-2-27,113.05,113.46,105.38,111.9,467145
2018-2-28,111.79,111.9,109.11,111.9,327753
2018-3-1,110.7,113.87,110.1,113.7,367658
2018-3-2,112.11,115.7,111.68,113.2,448691
2018-3-5,113.98,114.62,112.01,113.58,328116
2018-3-6,113.9,114.44,113.63,113.79,108392
2018-3-7,113.47,114.2,113.04,114.15,184081
2018-3-9,114.26,115.1,113.75,114.89,106294
2018-3-12,115.27,115.47,113.56,114.71,189167
2018-3-13,114.48,117.98,113.8,114.27,731833
2018-3-14,114.3,115.64,111.83,112.15,428558
2018-3-15,112.05,113.77,110.07,110.97,244745
2018-3-16,111,114.12,110.22,112.44,282506
2018-3-19,113.51,115.44,113.35,114.99,165320
2018-3-20,115.01,116.3,113.11,116.13,293992
2018-3-21,116.4,117,115.54,115.84,177322
2018-3-22,115.61,116.68,98.6,103.65,1880722
2018-3-23,101.63,102.1,97.5,100.03,903085
2018-3-26,100.02,100.59,93.21,94.05,600914
2018-3-27,94.1,97.5,93.13,95.2,547047
2018-3-28,94.3,95.26,90.63,91.99,517968
2018-3-29,92.21,94.65,92.21,94.52,386242
2018-3-30,95,96.46,94.77,95.56,188343
2018-4-2,96.14,97.92,93.4,95.4,271134
2018-4-3,95.35,96.39,95,95.6,180136
2018-4-4,95.6,96.1,94.56,95.37,190982
2018-4-5,95.41,96.26,95.14,95.5,139320
2018-4-6,95.29,95.72,92.4,92.67,246038
2018-4-9,91.49,91.5,78.31,81.47,1239461
2018-4-10,82,87.72,78.9,84.5,620639
2018-4-11,85.9,88.14,82.15,83.44,440687
2018-4-12,85.96,86,83.8,85.8,249022
2018-4-13,85.99,87.04,83.12,84.3,189648
2018-4-16,82.46,85.79,80.42,81.31,271224
2018-4-17,82.99,85.5,82.99,85.5,161238
2018-4-18,85.77,90.99,85.7,90.21,482951
2018-4-19,90.75,91.95,88.26,89.4,286223
2018-4-20,89.81,90.5,88.52,90,143727
2018-4-23,91,91.8,89.72,91.2,199957
2018-4-24,92,94.62,91.41,92.39,223837
2018-4-25,92,93.45,90.44,92.05,125252
2018-4-26,92.9,96,92.57,95.74,349448
2018-4-27,95.66,98.16,95.66,97.55,243657
2018-4-28,97.1,98.4,97.07,97.49,44975
2018-4-30,97.54,98.89,97.12,97.31,90663
2018-5-2,97.35,98.46,96.35,96.67,91531
2018-5-3,96.7,98.12,95.9,96.8,179527
2018-5-4,97.35,97.35,95.79,96.5,115993
2018-5-7,97.2,98.28,96.63,97.7,155809
2018-5-8,97.75,98.79,96.86,98.4,184448
2018-5-10,98.9,99.72,95.01,95.59,364321
2018-5-11,96.6,98.89,96.28,98.78,272585
2018-5-14,98.8,99.25,98.02,98.13,117536
2018-5-15,98.2,99.4,97.75,98.69,151590
2018-5-16,98.89,100.4,98.27,99.9,245512
2018-5-17,96,99.99,95.21,99.97,534628
2018-5-18,99.8,101.45,99.2,100.08,218963
2018-5-21,99.99,99.99,97.1,98.5,269227
2018-5-22,98.5,98.65,96.85,97.32,102982
2018-5-23,97,97.37,95.11,96.84,254273
2018-5-24,96.07,99,96.07,98.55,211425
2018-5-25,98.55,99,97.51,98.7,120245
2018-5-28,98.5,99.44,96.67,97.33,89128
2018-5-29,97.8,97.8,95.05,96.18,227613
2018-5-30,96.3,97.48,95.58,96.69,86962
2018-5-31,96.55,97.5,95.57,97.5,134241
2018-6-1,97.27,98.8,96.89,97.51,161024
2018-6-4,98.08,98.44,97.14,97.14,91193
2018-6-5,97.65,101.45,97.33,101.36,339792
2018-6-6,101.43,105.6,101.42,105.35,364018
2018-6-7,105.88,105.88,103.32,103.51,189786
2018-6-8,103.51,105.52,102.3,103.8,152283
2018-6-9,103.99,104,102.93,103.44,17383
2018-6-11,103.05,107.29,102.57,107,160654
2018-6-13,107,109.34,105.71,109.34,300444
2018-6-14,108.13,110,107.5,109.95,240314
2018-6-15,108.9,110.4,107.91,109.94,185951
2018-6-18,109.4,109.4,107.6,108,109905
2018-6-19,107,107.91,101.71,104.49,322896
2018-6-20,104.49,106.5,104.21,105.28,108992
2018-6-21,105.31,106.27,104,105.2,81223
2018-6-22,105.49,105.49,102.06,103.49,110101
2018-6-25,103.49,105.3,102.73,103.5,100085
2018-6-26,103.6,104.99,101.77,102.5,71889
2018-6-27,102.87,103.07,99.1,100.18,174002
2018-6-28,100.01,102.82,99.21,102.6,142278
2018-6-29,103.03,103.4,101.62,102.41,123913
2018-7-2,102,104.45,101,104.45,169314
2018-7-3,103.75,105.5,102.76,103.64,152927
2018-7-4,103.56,104.43,103.04,104.01,49120
2018-7-5,103.59,104.16,103,103.21,70118
2018-7-6,102.32,103.45,100.9,103.03,124587
2018-7-9,103.03,105.5,103,105.5,127995
2018-7-10,105.47,105.67,104.6,105.5,93338
2018-7-11,104.9,105.76,103.57,104.53,125490
2018-7-12,103.67,104.4,102.57,104.4,95734
2018-7-13,104.2,104.8,103.81,104.8,47363
2018-7-16,103.86,105.2,103.52,103.72,48671
2018-7-17,103.07,104.89,101.51,104.65,85590
2018-7-18,104.11,104.95,103.1,103.1,89926
2018-7-19,104.15,105.08,102.7,103.57,114429
2018-7-20,103.28,104.29,101.71,101.71,136130
2018-7-23,101.57,103.67,101.57,102.4,98605
2018-7-24,102.15,102.96,96.72,98.6,388217
2018-7-25,98.05,101.25,97.51,100.5,122164
2018-7-26,101.35,102.89,101.1,102.74,81870
2018-7-27,102.5,102.78,101.38,101.8,57605
2018-7-30,101.98,103.98,101.8,103,103296
2018-7-31,102.62,103.06,102.01,102.43,50911
2018-8-1,102.5,102.9,101.7,102.42,30190
2018-8-2,101.91,102.64,99.92,99.92,52664
2018-8-3,99.77,101,98.5,101,92256
2018-8-6,100.43,102.66,100.19,101.59,67060
2018-8-7,101.59,102.95,101.13,101.3,47973
2018-8-8,100.8,101.85,98.8,101.03,191429
2018-8-9,100.5,100.51,96.69,98.61,182095
2018-8-10,98.7,99.88,95.55,96.89,155739
2018-8-13,95.6,97.94,95.52,97.71,88200
2018-8-14,98.32,103.42,97.9,103.42,204184
2018-8-15,103.4,103.8,100.23,100.24,134115
2018-8-16,100.26,101.42,99.03,99.03,113554
2018-8-17,99.12,100.81,98.57,98.85,62533
2018-8-20,98.85,100.5,98.76,100.5,72145
2018-8-21,100.2,101.25,99.57,100.01,69663
2018-8-22,100.05,100.67,99.16,100.11,57667
2018-8-23,99.91,100.99,99.44,100.42,51677
2018-8-24,102.5,102.89,99.05,100.61,151195
2018-8-27,100.88,101.16,99.01,99.63,60368
2018-8-28,99.95,100.09,99.17,99.51,48931
2018-8-29,99.76,100.72,99.3,99.31,44099
2018-8-30,99.99,100.68,98.1,98.32,52235
2018-8-31,97.68,99.48,97.68,99.33,59823
2018-9-3,99.65,99.82,99.02,99.51,27579
2018-9-4,99.58,101.4,99.18,100.21,74563
2018-9-5,99.96,101.27,99.5,99.5,43788
2018-9-6,99.51,100.29,98.04,98.21,45120
2018-9-7,98.04,99.19,96.68,97.49,53456
2018-9-10,97.49,99,97,98.83,63112
2018-9-11,98.65,99.28,96.53,96.67,56504
2018-9-12,97.5,100.5,96.94,100.49,152017
2018-9-13,100.01,101.98,99.7,101.37,137587
2018-9-14,101.35,102.55,100.63,102.3,121289
2018-9-17,102.18,106.9,101.91,106.34,218215
2018-9-18,106.11,109,106.11,109,160475
2018-9-19,109.01,109.89,106.55,107.5,185515
2018-9-20,107.79,108.87,106.23,107.32,213015
2018-9-21,107.99,108.5,107.12,107.93,68711
2018-9-24,108.78,114.4,108.45,113.8,260090
2018-9-25,114.9,116.56,111.94,116.11,358709
2018-9-26,116.4,118.44,114.19,116.34,316728
2018-9-27,117.42,117.42,112.87,114.56,120359
2018-9-28,115,118.18,113.3,117.9,172530
2018-10-1,118.45,118.98,117.05,117.32,96941
2018-10-2,117.27,118.49,115.3,118.41,153622
2018-10-3,118.36,119.9,117.71,119.1,161954
2018-10-4,118.83,121.59,118.83,121.01,219062
2018-10-5,120.75,125.2,120.01,124.98,288031
2018-10-8,124.51,126,122.11,123.11,163761
2018-10-9,122.65,125.3,121,121.3,221765
2018-10-10,121.37,125.8,118.83,122.52,241556
2018-10-11,121.16,121.89,118.16,120,232542
2018-10-12,121.24,123.5,121.06,122.24,93283
2018-10-15,122,124.87,121.33,124.35,111337
2018-10-16,124.6,128.31,123.66,126.38,265904
2018-10-17,126.95,127.49,123.25,124.67,174498
2018-10-18,124.98,124.98,122.26,123,70864
2018-10-19,122.5,122.95,119.5,120.1,151126
2018-10-22,120.94,121.86,119.9,120,91154
2018-10-23,120,121.38,114.5,120.1,284054
2018-10-24,121.32,121.4,119.9,120.05,49152
2018-10-25,119.03,121.8,118.6,120.56,105711
2018-10-26,120.8,121.05,118.78,120.67,107794
2018-10-29,119.85,120.8,119.02,119.65,41098
2018-10-30,119.65,120.63,119.11,119.87,25943
2018-10-31,119.7,120.5,119.5,119.98,31047
2018-11-1,119.87,121.29,119.54,121,83842
2018-11-2,120.55,122.44,119.35,120,72213
